[monitor_start] Monitoring PID 3336401 at 0.0001s intervals
[monitor_header] timestamp_ms,rss_kb,gc_reserved_kb,gc_committed_kb,heap_kb,phase
[monitor_data] 1776484190826,13668,0,0,12288,
[monitor_data] 1776484220888,59632,38903,38903,67584,
[monitor_data] 1776484221384,92692,38931,38931,75776,
[monitor_data] 1776484221905,102684,38934,38934,92160,
[monitor_data] 1776484222412,122816,39205,39205,8716288,
[monitor_data] 1776484222863,889532,39205,39205,8716288,
[monitor_data] 1776484223285,2096676,39205,39205,8716288,
[monitor_data] 1776484223704,3292500,39205,39205,8716288,
[monitor_data] 1776484224139,4536044,39205,39205,8716288,
[monitor_data] 1776484224570,5832128,39205,39205,8716288,
[monitor_data] 1776484225005,7150980,39205,39205,8716288,
[monitor_data] 1776484225441,8475660,39206,39206,13015040,Phase 2
[monitor_data] 1776484225848,9674580,39206,39206,13015040,Phase 2
[monitor_data] 1776484226282,10987736,39206,39206,13015040,Phase 2
[monitor_data] 1776484226671,12173132,39206,39206,13015040,Phase 2
[monitor_data] 1776484227082,13048264,39207,39207,13015040,Phase 2
[monitor_data] 1776484227498,13048304,39207,39207,13015040,Phase 2
[monitor_data] 1776484227929,13048304,39207,39207,13015040,Phase 2
[monitor_data] 1776484228360,13048308,39207,39207,13015040,Phase 2
[monitor_data] 1776484228798,13048308,39207,39207,13015040,Phase 2
[monitor_data] 1776484229230,13048308,39207,39207,13015040,Phase 2
[monitor_data] 1776484229662,13048308,39207,39207,13015040,Phase 2
[monitor_data] 1776484230090,13048308,39207,39207,13015040,Phase 2
[monitor_data] 1776484230537,13048308,39207,39207,13015040,Phase 2
[monitor_data] 1776484230967,13048308,39207,39207,13015040,Phase 2
[monitor_data] 1776484231384,13048308,39207,39207,13015040,Phase 2
[monitor_data] 1776484231804,13048308,39207,39207,13015040,Phase 2
[monitor_data] 1776484232214,13048308,39207,39207,13015040,Phase 2
[monitor_data] 1776484232623,13048308,39207,39207,13015040,Phase 2
[monitor_data] 1776484233037,13048308,39207,39207,13015040,Phase 2
[monitor_data] 1776484233473,13048308,39207,39207,13015040,Phase 2
[monitor_data] 1776484233897,13048308,39207,39207,13015040,Phase 2
[monitor_data] 1776484234306,13048308,39207,39207,13015040,Phase 2
[monitor_data] 1776484234725,13048308,39207,39207,13015040,Phase 2
[monitor_data] 1776484235158,13048308,39207,39207,13015040,Phase 2
[monitor_data] 1776484235586,13048308,39207,39207,13015040,Phase 2
[monitor_data] 1776484236025,13048308,39207,39207,13015040,Phase 2
[monitor_data] 1776484236468,13048308,39207,39207,13015040,Phase 2
[monitor_data] 1776484236933,13048308,39207,39207,13015040,Phase 2
[monitor_data] 1776484237373,13048308,39207,39207,13015040,Phase 2
[monitor_data] 1776484237806,13048308,39207,39207,13015040,Phase 2
[monitor_data] 1776484238249,13048308,39207,39207,13015040,Phase 2
[monitor_data] 1776484238699,13048308,39207,39207,13015040,Phase 2
[monitor_data] 1776484239133,13048308,39207,39207,13015040,Phase 2
[monitor_data] 1776484239573,13048308,39207,39207,13015040,Phase 2
[monitor_data] 1776484240011,13048308,39207,39207,13015040,Phase 2
[monitor_data] 1776484240440,13048308,39207,39207,13015040,Phase 2
[monitor_data] 1776484240871,13048308,39207,39207,13015040,Phase 2
[monitor_data] 1776484241322,13048308,39207,39207,13015040,Phase 2
[monitor_data] 1776484241751,13048308,39207,39207,13015040,Phase 2
[monitor_data] 1776484242179,13048308,39207,39207,13015040,Phase 2
[monitor_data] 1776484242637,13048308,39207,39207,13015040,Phase 2
[monitor_data] 1776484243090,13048308,39207,39207,13015040,Phase 2
[monitor_data] 1776484243544,13048308,39207,39207,13015040,Phase 2
[monitor_data] 1776484243974,13048308,39207,39207,13015040,Phase 2
[monitor_data] 1776484244452,13048308,39207,39207,13015040,Phase 2
[monitor_data] 1776484244876,13048308,39207,39207,13015040,Phase 2
[monitor_data] 1776484245333,13048308,39207,39207,13015040,Phase 2
[monitor_data] 1776484245772,13048308,39207,39207,13015040,Phase 2
[monitor_data] 1776484246228,13048308,39207,39207,13015040,Phase 2
[monitor_data] 1776484246677,13048308,39207,39207,13015040,Phase 2
[monitor_data] 1776484247116,13048308,39207,39207,13015040,Phase 2
[monitor_data] 1776484247548,13048308,39207,39207,13015040,Phase 2
[monitor_data] 1776484247989,13048308,39207,39207,13015040,Phase 2
[monitor_data] 1776484248401,13048308,39207,39207,13015040,Phase 2
[monitor_data] 1776484248840,13048308,39207,39207,13015040,Phase 2
[monitor_data] 1776484249283,13048308,39207,39207,13015040,Phase 2
[monitor_data] 1776484249716,13048308,39207,39207,13015040,Phase 2
[monitor_data] 1776484250149,13048324,39207,39207,13015040,Phase 2
[monitor_data] 1776484250568,13048324,39207,39207,13015040,Phase 2
[monitor_data] 1776484250981,13048324,39207,39207,13015040,Phase 2
[monitor_data] 1776484251396,13048324,39207,39207,13015040,Phase 2
[monitor_data] 1776484251809,13048324,39207,39207,13015040,Phase 2
[monitor_data] 1776484252219,13048324,39207,39207,13015040,Phase 2
[monitor_data] 1776484252643,13048324,39207,39207,13015040,Phase 2
[monitor_data] 1776484253067,13048324,39207,39207,13015040,Phase 2
[monitor_data] 1776484253488,13048324,39207,39207,13015040,Phase 2
[monitor_data] 1776484253906,13048324,39207,39207,13015040,Phase 2
[monitor_data] 1776484254343,13048324,39207,39207,13015040,Phase 2
[monitor_data] 1776484254772,13048324,39207,39207,13015040,Phase 2
[monitor_data] 1776484255202,13048324,39221,39221,13295616,Phase 2
[monitor_data] 1776484255605,13343308,39248,39248,13629440,Phase 2
[monitor_data] 1776484256023,13677504,39275,39275,13959168,Phase 2
[monitor_data] 1776484256458,14033180,67717,67717,14256128,Phase 2
[monitor_data] 1776484256883,14328520,67742,67742,14546944,Phase 2
[monitor_data] 1776484257304,14620836,67764,67764,14843904,Phase 2
[monitor_data] 1776484257719,14917276,67789,67789,15142912,Phase 2
[monitor_data] 1776484258134,15216364,67812,67812,15433728,Phase 2
[monitor_data] 1776484258542,15507320,67837,67837,15753216,Phase 2
[monitor_data] 1776484258994,15828032,67862,67862,16078848,Phase 2
[monitor_data] 1776484259443,16152992,67888,67888,16388096,Phase 2
[monitor_data] 1776484259876,16462580,67913,67913,16715776,Phase 2
[monitor_data] 1776484260332,16792320,67939,67939,17033216,Phase 2
[monitor_data] 1776484260786,17105924,67965,67965,17350656,Phase 2
[monitor_data] 1776484261228,17425924,67992,67992,17688576,Phase 2
[monitor_data] 1776484261692,17762596,68017,68017,17907712,Phase 2
[monitor_data] 1776484262124,18022796,67527,67527,18241536,Phase 2
[monitor_data] 1776484262559,18356308,67553,67553,18567168,Phase 2
[monitor_data] 1776484262983,18680796,67580,67580,18900992,Phase 2
[monitor_data] 1776484263419,19015428,67606,67606,19240960,Phase 2
[monitor_data] 1776484263859,19353816,67634,67634,19585024,Phase 2
[monitor_data] 1776484264311,19700672,67661,67661,19918848,Phase 2
[monitor_data] 1776484264740,20031600,67688,67688,20254720,Phase 2
[monitor_data] 1776484265177,20368740,67715,67715,20588544,Phase 2
[monitor_data] 1776484265608,20701360,67742,67742,20918272,Phase 2
[monitor_data] 1776484266036,21031304,67767,67767,21225472,Phase 2
[monitor_data] 1776484266436,21339496,67792,67792,21542912,Phase 2
[monitor_data] 1776484266847,21655984,67817,67817,21868544,Phase 2
[monitor_data] 1776484267271,21983004,67844,67844,22202368,Phase 2
[monitor_data] 1776484267704,22316008,67870,67870,22528000,Phase 2
[monitor_data] 1776484268126,22641636,67897,67897,22847488,Phase 2
[monitor_data] 1776484268542,22961932,67922,67922,23173120,Phase 2
[monitor_data] 1776484268963,23286664,67948,67948,23511040,Phase 2
[monitor_data] 1776484269400,23623372,67975,67975,23838720,Phase 2
[monitor_data] 1776484269828,23952768,68002,68002,24180736,Phase 2
[monitor_data] 1776484270271,24294500,68029,68029,24522752,Phase 2
[monitor_data] 1776484270716,24637344,68057,68057,24868864,Phase 2
[monitor_data] 1776484271167,24984052,68084,68084,25217024,Phase 2
[monitor_data] 1776484271617,25331696,68112,68112,25552896,Phase 2
[monitor_data] 1776484272053,25667900,68139,68139,25890816,Phase 2
[monitor_data] 1776484272492,26005272,68167,68167,26236928,Phase 2
[monitor_data] 1776484272941,26351640,68194,68194,26568704,Phase 2
[monitor_data] 1776484273370,26682272,68220,68220,26896384,Phase 2
[monitor_data] 1776484273797,27011116,68247,68247,27236352,Phase 2
[monitor_data] 1776484274240,27351200,68275,68275,27572224,Phase 2
[monitor_data] 1776484274674,27687188,469006,469006,27865088,Phase 2
[monitor_data] 1776484275088,28359720,504739,504739,28137472,Phase 2
[monitor_data] 1776484275491,28682484,504762,504762,28440576,Phase 2
[monitor_data] 1776484275922,28986132,504786,504786,28731392,Phase 2
[monitor_data] 1776484276330,29277088,504810,504810,29036544,Phase 2
[monitor_data] 1776484276757,29583052,504834,504834,29327360,Phase 2
[monitor_data] 1776484277159,29872584,504857,504857,29630464,Phase 2
[monitor_data] 1776484277578,30177756,504883,504883,29954048,Phase 2
[monitor_data] 1776484278017,30500656,504907,504907,30255104,Phase 2
[monitor_data] 1776484278429,30802296,504933,504933,30560256,Phase 2
[monitor_data] 1776484278844,31106568,504956,504956,30867456,Phase 2
[monitor_data] 1776484279263,31413816,504981,504981,31170560,Phase 2
[monitor_data] 1776484279677,31718164,505006,505006,31485952,Phase 2
[monitor_data] 1776484280106,32032272,505030,505030,31789056,Phase 2
[monitor_data] 1776484280521,32335772,505055,505055,32092160,Phase 2
[monitor_data] 1776484280934,32638648,505080,505080,32405504,Phase 2
[monitor_data] 1776484281364,32953824,505105,505105,32708608,Phase 2
[monitor_data] 1776484281778,33256840,505129,505129,33028096,Phase 2
[monitor_data] 1776484282214,33575324,505155,505155,33339392,Phase 2
[monitor_data] 1776484282642,33886844,505180,505180,33660928,Phase 2
[monitor_data] 1776484283079,34207168,505206,505206,33972224,Phase 2
[monitor_data] 1776484283506,34518688,505230,505230,34277376,Phase 2
[monitor_data] 1776484283924,34824572,505255,505255,34592768,Phase 2
[monitor_data] 1776484284355,35140780,505279,505279,34895872,Phase 2
[monitor_data] 1776484284771,35443624,505305,505305,35213312,Phase 2
[monitor_data] 1776484285203,35761444,505329,505329,35522560,Phase 2
[monitor_data] 1776484285622,36070064,505354,505354,35825664,Phase 2
[monitor_data] 1776484286038,36372924,505378,505378,36126720,Phase 2
[monitor_data] 1776484286450,36673840,505403,505403,36427776,Phase 2
[monitor_data] 1776484286864,36975604,505427,505427,36739072,Phase 2
[monitor_data] 1776484287289,37285196,505444,505444,36956160,Phase 2
[monitor_data] 1776484288174,37502448,505469,505469,37269504,Phase 2
[monitor_data] 1776484288607,37817088,505494,505494,37580800,Phase 2
[monitor_data] 1776484289035,38128440,505519,505519,37906432,Phase 2
[monitor_data] 1776484289482,38453288,505545,505545,38217728,Phase 2
[monitor_data] 1776484289913,38766788,505571,505571,38539264,Phase 2
[monitor_data] 1776484290351,39085992,505596,505596,38854656,Phase 2
[monitor_data] 1776484290785,39402032,505621,505621,39163904,Phase 2
[monitor_data] 1776484291209,39710384,505645,505645,39458816,Phase 2
[monitor_data] 1776484291616,40006560,505670,505670,39780352,Phase 2
[monitor_data] 1776484292057,40327380,505695,505695,40085504,Phase 2
[monitor_data] 1776484292477,40633376,505720,505720,40382464,Phase 2
[monitor_data] 1776484292884,40929900,505743,505743,40685568,Phase 2
[monitor_data] 1776484293297,41232956,505767,505767,40992768,Phase 2
[monitor_data] 1776484293710,41540388,505794,505794,41314304,Phase 2
[monitor_data] 1776484294143,41862476,505818,505818,41621504,Phase 2
[monitor_data] 1776484294560,42169484,505843,505843,41932800,Phase 2
[monitor_data] 1776484294982,42481132,505868,505868,42246144,Phase 2
[monitor_data] 1776484295404,42793924,505894,505894,42565632,Phase 2
[monitor_data] 1776484295841,43112324,505918,505918,42872832,Phase 2
[monitor_data] 1776484296262,43420200,505943,505943,43190272,Phase 2
[monitor_data] 1776484296702,43738220,505970,505970,43526144,Phase 2
[monitor_data] 1776484297162,44073180,505997,505997,43859968,Phase 2
[monitor_data] 1776484297621,44406508,506023,506023,44185600,Phase 2
[monitor_data] 1776484298068,44734168,506048,506048,44498944,Phase 2
[monitor_data] 1776484298496,45047720,506075,506075,44818432,Phase 2
[monitor_data] 1776484298934,45368540,506100,506100,45144064,Phase 2
[monitor_data] 1776484299386,45693092,506125,506125,45449216,Phase 2
[monitor_data] 1776484299812,45997332,506150,506150,45766656,Phase 2
[monitor_data] 1776484300257,46315764,506175,506175,46086144,Phase 2
[monitor_data] 1776484300704,46635324,506201,506201,46403584,Phase 2
[monitor_data] 1776484301146,46951368,506226,506226,46731264,Phase 2
[monitor_data] 1776484301607,47280472,506252,506252,47042560,Phase 2
[monitor_data] 1776484302043,47590384,506278,506278,47360000,Phase 2
[monitor_data] 1776484302489,47908224,506302,506302,47671296,Phase 2
[monitor_data] 1776484302924,48219860,506328,506328,47998976,Phase 2
[monitor_data] 1776484303378,48546824,506355,506355,48326656,Phase 2
[monitor_data] 1776484303832,48874500,506381,506381,48658432,Phase 2
[monitor_data] 1776484304295,49207840,506407,506407,48975872,Phase 2
[monitor_data] 1776484304740,49525528,506432,506432,49283072,Phase 2
[monitor_data] 1776484305167,49832488,506457,506457,49602560,Phase 2
[monitor_data] 1776484305613,50151764,506482,506482,49903616,Phase 2
[monitor_data] 1776484306038,50453552,506507,506507,50223104,Phase 2
[monitor_data] 1776484306483,50771600,506533,506533,50532352,Phase 2
[monitor_data] 1776484306919,51080948,506556,506556,50821120,Phase 2
[monitor_data] 1776484307326,51369296,506580,506580,51136512,Phase 2
[monitor_data] 1776484307767,51685484,506605,506605,51449856,Phase 2
[monitor_data] 1776484308206,51999240,506631,506631,51773440,Phase 2
[monitor_data] 1776484308655,52322308,506656,506656,52082688,Phase 2
[monitor_data] 1776484309089,52632132,506680,506680,52387840,Phase 2
[monitor_data] 1776484309518,52937464,506705,506705,52688896,Phase 2
[monitor_data] 1776484309936,53236904,506729,506729,52998144,Phase 2
[monitor_data] 1776484310369,53547088,506755,506755,53329920,Phase 2
[monitor_data] 1776484310832,53878596,506781,506781,53639168,Phase 2
[monitor_data] 1776484311264,54188828,506805,506805,53940224,Phase 2
[monitor_data] 1776484311683,54488948,506829,506829,54235136,Phase 2
[monitor_data] 1776484312098,54783936,506852,506852,54540288,Phase 2
[monitor_data] 1776484312525,55089876,506882,506882,54837248,Phase 2
[monitor_data] 1776484312940,55387132,506901,506901,55138304,Phase 2
[monitor_data] 1776484313361,55688204,506925,506925,55433216,Phase 2
[monitor_data] 1776484313777,55982572,506949,506949,55738368,Phase 2
[monitor_data] 1776484314206,56286584,506973,506973,56035328,Phase 2
[monitor_data] 1776484314625,56583476,506998,506998,56346624,Phase 2
[monitor_data] 1776484315063,56895484,507023,507023,56657920,Phase 2
[monitor_data] 1776484315500,57207300,507048,507048,56967168,Phase 2
[monitor_data] 1776484315942,57502128,507059,507059,57106432,Phase 2
[monitor_data] 1776484317055,57656120,507083,507083,57405440,Phase 2
[monitor_data] 1776484317474,57956204,507107,507107,57718784,Phase 2
[monitor_data] 1776484317906,58268396,507133,507133,58036224,Phase 2
[monitor_data] 1776484318341,58585520,507157,507157,58347520,Phase 2
[monitor_data] 1776484318767,58896668,507184,507184,58673152,Phase 2
[monitor_data] 1776484319212,59222356,507208,507208,58974208,Phase 2
[monitor_data] 1776484319622,59524156,507232,507232,59273216,Phase 2
[monitor_data] 1776484320027,59823520,507256,507256,59588608,Phase 2
[monitor_data] 1776484320456,60137792,507282,507282,59899904,Phase 2
[monitor_data] 1776484320881,60449408,507307,507307,60194816,Phase 2
[monitor_data] 1776484321285,60744524,507331,507331,60502016,Phase 2
[monitor_data] 1776484321701,61051032,507356,507356,60815360,Phase 2
[monitor_data] 1776484322125,61364768,507380,507380,61118464,Phase 2
[monitor_data] 1776484322540,61668328,507406,507406,61448192,Phase 2
[monitor_data] 1776484322992,61997392,507432,507432,61773824,Phase 2
[monitor_data] 1776484323439,62323632,507458,507458,62099456,Phase 2
[monitor_data] 1776484323888,62650096,507484,507484,62416896,Phase 2
[monitor_data] 1776484324324,62969828,507509,507509,62732288,Phase 2
[monitor_data] 1776484324755,63282588,507535,507535,63043584,Phase 2
[monitor_data] 1776484325183,63592824,507559,507559,63354880,Phase 2
[monitor_data] 1776484325609,63905012,507584,507584,63657984,Phase 2
[monitor_data] 1776484326023,64207504,507608,507608,63981568,Phase 2
[monitor_data] 1776484326468,64530376,507634,507634,64301056,Phase 2
[monitor_data] 1776484326906,64850732,507661,507661,64624640,Phase 2
[monitor_data] 1776484327349,65174656,507686,507686,64958464,Phase 2
[monitor_data] 1776484327810,65510568,507713,507713,65269760,Phase 2
[monitor_data] 1776484328233,65819892,507737,507737,65587200,Phase 2
[monitor_data] 1776484328668,66137916,507763,507763,65908736,Phase 2
[monitor_data] 1776484329102,66458852,507789,507789,66230272,Phase 2
[monitor_data] 1776484329541,66781808,507815,507815,66555904,Phase 2
[monitor_data] 1776484329982,67106592,507841,507841,66881536,Phase 2
[monitor_data] 1776484330424,67431472,507866,507866,67182592,Phase 2
[monitor_data] 1776484330838,67731924,507891,507891,67493888,Phase 2
[monitor_data] 1776484331270,68045040,507915,507915,67803136,Phase 2
[monitor_data] 1776484331692,68353292,507941,507941,68108288,Phase 2
[monitor_data] 1776484332111,68659012,507965,507965,68415488,Phase 2
[monitor_data] 1776484332533,68965700,507989,507989,68716544,Phase 2
[monitor_data] 1776484332945,69266128,508015,508015,69060608,Phase 2
[monitor_data] 1776484333415,69611516,508042,508042,69384192,Phase 2
[monitor_data] 1776484333859,69936220,508066,508066,69695488,Phase 2
[monitor_data] 1776484334282,70245048,508091,508091,69982208,Phase 2
[monitor_data] 1776484334676,70532580,508114,508114,70270976,Phase 2
[monitor_data] 1776484335078,70822280,508138,508138,70569984,Phase 2
[monitor_data] 1776484335486,71120028,508161,508161,70858752,Phase 2
[monitor_data] 1776484335882,71409136,508185,508185,71161856,Phase 2
[monitor_data] 1776484336298,71712336,508208,508208,71460864,Phase 2
[monitor_data] 1776484336707,72010672,508233,508233,71770112,Phase 2
[monitor_data] 1776484337131,72319704,508258,508258,72077312,Phase 2
[monitor_data] 1776484337555,72628232,508282,508282,72386560,Phase 2
[monitor_data] 1776484337980,72937100,508308,508308,72708096,Phase 2
[monitor_data] 1776484338422,73258584,508334,508334,73021440,Phase 2
[monitor_data] 1776484338853,73572384,508359,508359,73336832,Phase 2
[monitor_data] 1776484339290,73888324,508384,508384,73648128,Phase 2
[monitor_data] 1776484339716,74199640,508409,508409,73945088,Phase 2
[monitor_data] 1776484340122,74495156,508433,508433,74256384,Phase 2
[monitor_data] 1776484340550,74807448,508457,508457,74571776,Phase 2
[monitor_data] 1776484340981,75122648,508483,508483,74870784,Phase 2
[monitor_data] 1776484341389,75422324,508507,508507,75175936,Phase 2
[monitor_data] 1776484341800,75726084,508531,508531,75479040,Phase 2
[monitor_data] 1776484342211,76030824,508555,508555,75782144,Phase 2
[monitor_data] 1776484342621,76333500,508581,508581,76115968,Phase 2
[monitor_data] 1776484343079,76669292,508606,508606,76421120,Phase 2
[monitor_data] 1776484343492,76973308,508631,508631,76736512,Phase 2
[monitor_data] 1776484343923,77289016,508656,508656,77047808,Phase 2
[monitor_data] 1776484344345,77601416,508680,508680,77361152,Phase 2
[monitor_data] 1776484344765,77912500,508707,508707,77682688,Phase 2
[monitor_data] 1776484345204,78234440,508731,508731,77967360,Phase 2
[monitor_data] 1776484345590,78519080,508754,508754,78221312,Phase 2
[monitor_data] 1776484345991,78758380,508762,508762,78372864,Phase 2
[monitor_data] 1776484347356,78924140,508787,508787,78684160,Phase 2
[monitor_data] 1776484347776,79236308,508812,508812,78993408,Phase 2
[monitor_data] 1776484348192,79544240,508836,508836,79298560,Phase 2
[monitor_data] 1776484348605,79849392,508861,508861,79595520,Phase 2
[monitor_data] 1776484349010,80147612,508885,508885,79894528,Phase 2
[monitor_data] 1776484349411,80445828,508909,508909,80199680,Phase 2
[monitor_data] 1776484349823,80750716,508932,508932,80484352,Phase 2
[monitor_data] 1776484350211,81035256,508955,508955,80785408,Phase 2
[monitor_data] 1776484350620,81336504,508980,508980,81076224,Phase 2
[monitor_data] 1776484351017,81627900,509002,509002,81358848,Phase 2
[monitor_data] 1776484351398,81911088,509026,509026,81659904,Phase 2
[monitor_data] 1776484351806,82212240,509050,509050,81954816,Phase 2
[monitor_data] 1776484352205,82506856,509074,509074,82255872,Phase 2
[monitor_data] 1776484352612,82806744,509098,509098,82561024,Phase 2
[monitor_data] 1776484353026,83111880,509122,509122,82862080,Phase 2
[monitor_data] 1776484353434,83413444,509146,509146,83159040,Phase 2
[monitor_data] 1776484353833,83710568,509170,509170,83456000,Phase 2
[monitor_data] 1776484354233,84008740,509195,509195,83773440,Phase 2
[monitor_data] 1776484354656,84326064,509220,509220,84086784,Phase 2
[monitor_data] 1776484355076,84637664,509245,509245,84396032,Phase 2
[monitor_data] 1776484355492,84949264,509269,509269,84703232,Phase 2
[monitor_data] 1776484355904,85255788,509294,509294,85014528,Phase 2
[monitor_data] 1776484356325,85565576,509318,509318,85303296,Phase 2
[monitor_data] 1776484356719,85855792,509341,509341,85598208,Phase 2
[monitor_data] 1776484357117,86149748,509365,509365,85891072,Phase 2
[monitor_data] 1776484357513,86442788,509389,509389,86177792,Phase 2
[monitor_data] 1776484357901,86729396,509412,509412,86476800,Phase 2
[monitor_data] 1776484358309,87030020,509436,509436,86796288,Phase 2
[monitor_data] 1776484358736,87347380,509461,509461,87091200,Phase 2
[monitor_data] 1776484359135,87643076,509485,509485,87398400,Phase 2
[monitor_data] 1776484359547,87950264,509510,509510,87701504,Phase 2
[monitor_data] 1776484359956,88252616,509534,509534,87990272,Phase 2
[monitor_data] 1776484360349,88543012,509557,509557,88287232,Phase 2
[monitor_data] 1776484360749,88838404,509581,509581,88580096,Phase 2
[monitor_data] 1776484361147,89131456,509605,509605,88891392,Phase 2
[monitor_data] 1776484361573,89444400,509630,509630,89208832,Phase 2
[monitor_data] 1776484362003,89760832,509655,509655,89511936,Phase 2
[monitor_data] 1776484362411,90065292,509679,509679,89812992,Phase 2
[monitor_data] 1776484362817,90364828,509703,509703,90118144,Phase 2
[monitor_data] 1776484363233,90670620,509726,509726,90257408,Phase 3
[monitor_data] 1776484363649,90796796,509727,509727,90257408,Phase 5
[monitor_data] 1776484364064,90796796,509726,509726,90257408,Phase 5
[monitor_data] 1776484364474,90796796,509726,509726,90257408,Phase 5
[monitor_data] 1776484364919,90796796,509726,509726,90257408,Phase 5
[monitor_data] 1776484365328,90796796,509726,509726,90257408,Phase 5
[monitor_data] 1776484365733,90796796,509727,509727,90257408,Phase 5
[monitor_data] 1776484366162,90796796,509727,509727,90257408,Phase 5
[monitor_data] 1776484366579,90796796,509726,509726,90257408,Phase 5
[monitor_data] 1776484367007,90796796,509727,509727,90257408,Phase 5
[monitor_data] 1776484367417,90796796,509726,509726,90257408,Phase 5
[monitor_data] 1776484367811,90796796,509727,509727,90257408,Phase 5
[monitor_data] 1776484368218,90796796,509727,509727,90257408,Phase 5
[monitor_data] 1776484368625,90796796,509726,509726,90257408,Phase 5
[monitor_data] 1776484369029,90796796,509726,509726,90257408,Phase 5
[monitor_data] 1776484369429,90796796,509726,509726,90257408,Phase 5
[monitor_data] 1776484369820,90796796,509727,509727,90257408,Phase 5
[monitor_data] 1776484370211,90796796,509727,509727,90257408,Phase 5
[monitor_data] 1776484370602,90796796,509726,509726,90257408,Phase 5
[monitor_data] 1776484370991,90796796,509727,509727,90257408,Phase 5
[monitor_data] 1776484371385,90796796,509727,509727,90257408,Phase 5
[monitor_data] 1776484371804,90796796,509727,509727,90257408,Phase 5
[monitor_data] 1776484372212,90796796,509727,509727,90257408,Phase 5
[monitor_data] 1776484372614,90796796,509726,509726,90257408,Phase 5
[monitor_data] 1776484373039,90796796,509726,509726,90257408,Phase 5
[monitor_data] 1776484373433,90796796,509726,509726,90257408,Phase 5
[monitor_data] 1776484373841,91225928,937357,937357,90257408,Phase 5
[monitor_data] 1776484374268,91225928,937357,937357,90257408,Phase 5
[monitor_data] 1776484374686,91225928,937357,937357,90257408,Phase 5
[monitor_data] 1776484375100,91225928,937357,937357,90257408,Phase 5
[monitor_data] 1776484375520,91225928,937229,937229,90257408,Phase 5
[monitor_data] 1776484375913,91227700,937229,937229,90257408,Phase 5
[monitor_data] 1776484376399,91227700,937229,937229,90257408,Phase 5
[monitor_data] 1776484376928,91227700,937229,937229,90257408,Phase 5
[monitor_data] 1776484377447,91227700,937229,937229,90257408,Phase 5
[monitor_data] 1776484377918,91227700,937229,937229,90257408,Phase 5
[monitor_data] 1776484378366,91227700,937229,937229,90257408,Phase 5
[monitor_data] 1776484378814,91227700,937229,937229,90257408,Phase 5
[monitor_data] 1776484379241,91227700,937229,937229,90257408,Phase 5
[monitor_data] 1776484379663,91227700,937229,937229,90257408,Phase 5
[monitor_data] 1776484380080,91227700,937229,937229,90257408,Phase 5
[monitor_data] 1776484380535,91227700,937229,937229,90257408,Phase 5
[monitor_data] 1776484380963,91227700,937229,937229,90257408,Phase 5
[monitor_data] 1776484381398,91227700,937229,937229,90257408,Phase 5
[monitor_data] 1776484381842,91227700,937229,937229,90257408,Phase 5
[monitor_data] 1776484382285,91227700,937229,937229,90257408,Phase 5
[monitor_data] 1776484382738,91227700,937229,937229,90257408,Phase 5
[monitor_data] 1776484383176,91227700,937229,937229,90257408,Phase 5
[monitor_data] 1776484383621,91227700,937229,937229,90257408,Phase 5
[monitor_data] 1776484384059,91227700,937229,937229,90257408,Phase 5
[monitor_data] 1776484384536,91227700,937229,937229,90257408,Phase 5
[monitor_data] 1776484384967,91227700,937229,937229,90257408,Phase 5
[monitor_data] 1776484385380,91227700,937229,937229,90257408,Phase 5
[monitor_data] 1776484385814,91227700,937229,937229,90257408,Phase 5
[monitor_data] 1776484386249,91227700,937229,937229,90257408,Phase 5
[monitor_data] 1776484386681,91227700,937229,937229,90257408,Phase 5
[monitor_data] 1776484387113,91227700,937229,937229,90257408,Phase 5
[monitor_data] 1776484387556,91227700,937229,937229,90257408,Phase 5
[monitor_data] 1776484388005,91227700,937229,937229,90257408,Phase 5
[monitor_data] 1776484388442,91227700,937229,937229,90257408,Phase 5
[monitor_data] 1776484388872,91227700,937229,937229,90257408,Phase 5
[monitor_data] 1776484389295,91227700,937229,937229,90257408,Phase 5
[monitor_data] 1776484389703,91227700,937229,937229,90257408,Phase 5
[monitor_data] 1776484390122,91227700,937229,937229,90257408,Phase 5
[monitor_data] 1776484390528,91227700,937229,937229,90257408,Phase 5
[monitor_data] 1776484390928,91227700,937229,937229,90257408,Phase 5
[monitor_data] 1776484391352,91227716,937229,937229,90257408,Phase 5
[monitor_data] 1776484391798,91227716,937229,937229,90257408,Phase 5
[monitor_data] 1776484392238,91227716,937229,937229,90257408,Phase 5
[monitor_data] 1776484392677,91227716,937229,937229,90257408,Phase 5
[monitor_data] 1776484393132,91227716,1838997,1838997,90257408,Phase 5
[monitor_data] 1776484393585,91837012,2892053,2892053,90257408,Phase 5
[monitor_data] 1776484394017,92628876,2892505,2892505,90257408,Phase 5
[monitor_data] 1776484394469,93120452,2892573,2892573,90257408,Phase 5
[monitor_data] 1776484394902,93183036,2892796,2892796,90257408,Phase 5
[monitor_data] 1776484395339,93184900,2894312,2894312,90257408,Phase 5
[monitor_data] 1776484395761,93186832,2896368,2896368,90257408,Phase 5
[monitor_data] 1776484396182,93189008,2898609,2898609,90257408,Phase 5
[monitor_data] 1776484396601,93191208,2900721,2900721,90257408,Phase 5
[monitor_data] 1776484397008,93193352,2902995,2902995,90257408,Phase 5
[monitor_data] 1776484397423,93195668,2905297,2905297,90257408,Phase 5
[monitor_data] 1776484397838,93198016,2907619,2907619,90257408,Phase 5
[monitor_data] 1776484398260,93200236,2909622,2909622,90257408,Phase 5
[monitor_data] 1776484398669,93202296,2911654,2911654,90257408,Phase 5
[monitor_data] 1776484399097,93204544,2913976,2913976,90257408,Phase 5
[monitor_data] 1776484399505,93206840,2916266,2916266,90257408,Phase 5
[monitor_data] 1776484399924,93209072,2918326,2918326,90257408,Phase 5
[monitor_data] 1776484400347,93211224,2920640,2920640,90257408,Phase 5
[monitor_data] 1776484400773,93213508,2922853,2922853,90257408,Phase 5
[monitor_data] 1776484401216,93215964,2925248,2925248,90257408,Phase 5
[monitor_data] 1776484401632,93218344,2927622,2927622,90257408,Phase 5
[monitor_data] 1776484402062,93220760,2929888,2929888,90257408,Phase 5
[monitor_data] 1776484402494,93223052,2932157,2932157,90257408,Phase 5
[monitor_data] 1776484402911,93225172,2934193,2934193,90257408,Phase 5
[monitor_data] 1776484403329,93227292,2936358,2936358,90257408,Phase 5
[monitor_data] 1776484403753,93229464,2938490,2938490,90257408,Phase 5
[monitor_data] 1776484404172,93231788,2940869,2940869,90257408,Phase 5
[monitor_data] 1776484404599,93234216,2943292,2943292,90257408,Phase 5
[monitor_data] 1776484405044,93236648,2945783,2945783,90257408,Phase 5
[monitor_data] 1776484405508,93239280,2948157,2948157,90257408,Phase 5
[monitor_data] 1776484405944,93241188,2949000,2949000,90257408,Phase 5
[monitor_data] 1776484407550,93242100,2950850,2950850,90257408,Phase 5
[monitor_data] 1776484407997,93244196,2953027,2953027,90257408,Phase 5
[monitor_data] 1776484408445,93246616,2955506,2955506,90257408,Phase 5
[monitor_data] 1776484408886,93249120,2957917,2957917,90257408,Phase 5
[monitor_data] 1776484409323,93251416,2960054,2960054,90257408,Phase 5
[monitor_data] 1776484409750,93253568,2962210,2962210,90257408,Phase 5
[monitor_data] 1776484410161,93255836,2964447,2964447,90257408,Phase 5
[monitor_data] 1776484410588,93258112,2966576,2966576,90257408,Phase 5
[monitor_data] 1776484411004,93260280,2968858,2968858,90257408,Phase 5
[monitor_data] 1776484411431,93262684,2971264,2971264,90257408,Phase 5
[monitor_data] 1776484411841,93265020,2973526,2973526,90257408,Phase 5
[monitor_data] 1776484412257,93267200,2975658,2975658,90257408,Phase 5
[monitor_data] 1776484412670,93269492,2977976,2977976,90257408,Phase 5
[monitor_data] 1776484413082,93271832,2980327,2980327,90257408,Phase 5
[monitor_data] 1776484413519,93274316,2982681,2982681,90257408,Phase 5
[monitor_data] 1776484413932,93276652,2984991,2984991,90257408,Phase 5
[monitor_data] 1776484414360,93279068,2987458,2987458,90257408,Phase 5
[monitor_data] 1776484414805,93281596,2989925,2989925,90257408,Phase 5
[monitor_data] 1776484415246,93283968,2992146,2992146,90257408,Phase 5
[monitor_data] 1776484415687,93286204,2994420,2994420,90257408,Phase 5
[monitor_data] 1776484416121,93288596,2996762,2996762,90257408,Phase 5
[monitor_data] 1776484416546,93290824,2998878,2998878,90257408,Phase 5
[monitor_data] 1776484416965,93292968,3000934,3000934,90257408,Phase 5
[monitor_data] 1776484417397,93295272,3003321,3003321,90257408,Phase 5
[monitor_data] 1776484417814,93297612,3005784,3005784,90257408,Phase 5
[monitor_data] 1776484418268,93300180,3008296,3008296,90257408,Phase 5
[monitor_data] 1776484418723,93302756,3010763,3010763,90257408,Phase 5
[monitor_data] 1776484419166,93305132,3013064,3013064,90257408,Phase 5
[monitor_data] 1776484419613,93307548,3015326,3015326,90257408,Phase 5
[monitor_data] 1776484420044,93309828,3017672,3017672,90257408,Phase 5
[monitor_data] 1776484420479,93312252,3019990,3019990,90257408,Phase 5
[monitor_data] 1776484420910,93314452,3022167,3022167,90257408,Phase 5
[monitor_data] 1776484421330,93316720,3024493,3024493,90257408,Phase 5
[monitor_data] 1776484421790,93319096,3026710,3026710,90257408,Phase 5
[monitor_data] 1776484422221,93321216,3028746,3028746,90257408,Phase 5
[monitor_data] 1776484422634,93323300,3030798,3030798,90257408,Phase 5
[monitor_data] 1776484423062,93325472,3033051,3033051,90257408,Phase 5
[monitor_data] 1776484423486,93327872,3035406,3035406,90257408,Phase 5
[monitor_data] 1776484423910,93330276,3037780,3037780,90257408,Phase 5
[monitor_data] 1776484424317,93332560,3040178,3040178,90257408,Phase 5
[monitor_data] 1776484424757,93334896,3042343,3042343,90257408,Phase 5
[monitor_data] 1776484425221,93337240,3044589,3044589,90257408,Phase 5
[monitor_data] 1776484425669,93339496,3046790,3046790,90257408,Phase 5
[monitor_data] 1776484426110,93341720,3049015,3049015,90257408,Phase 5
[monitor_data] 1776484426545,93344108,3051421,3051421,90257408,Phase 5
[monitor_data] 1776484426966,93346488,3053792,3053792,90257408,Phase 5
[monitor_data] 1776484427428,93349004,3056360,3056360,90257408,Phase 5
[monitor_data] 1776484427886,93351596,3058799,3058799,90257408,Phase 5
[monitor_data] 1776484428327,93353876,3060738,3060738,90257408,Phase 5
[monitor_data] 1776484428769,93356032,3063217,3063217,90257408,Phase 5
[monitor_data] 1776484429211,93358532,3065632,3065632,90257408,Phase 5
[monitor_data] 1776484429644,93360824,3067829,3067829,90257408,Phase 5
[monitor_data] 1776484430088,93363064,3070010,3070010,90257408,Phase 5
[monitor_data] 1776484430509,93365212,3072126,3072126,90257408,Phase 5
[monitor_data] 1776484430923,93367368,3074206,3074206,90257408,Phase 5
[monitor_data] 1776484431346,93369620,3076569,3076569,90257408,Phase 5
[monitor_data] 1776484431758,93371940,3078738,3078738,90257408,Phase 5
[monitor_data] 1776484432181,93374128,3080910,3080910,90257408,Phase 5
[monitor_data] 1776484432598,93376268,3083063,3083063,90257408,Phase 5
[monitor_data] 1776484433027,93378496,3085236,3085236,90257408,Phase 5
[monitor_data] 1776484433452,93380840,3087582,3087582,90257408,Phase 5
[monitor_data] 1776484433872,93383256,3089969,3089969,90257408,Phase 5
[monitor_data] 1776484434281,93385616,3092198,3092198,90257408,Phase 5
[monitor_data] 1776484434684,93387792,3094366,3094366,90257408,Phase 5
[monitor_data] 1776484435120,93390116,3096580,3096580,90257408,Phase 5
[monitor_data] 1776484435530,93392200,3098757,3098757,90257408,Phase 5
[monitor_data] 1776484435939,93394420,3100913,3100913,90257408,Phase 5
[monitor_data] 1776484436374,93396768,3103211,3103211,90257408,Phase 5
[monitor_data] 1776484436794,93399016,3105441,3105441,90257408,Phase 5
[monitor_data] 1776484437215,93401348,3107634,3107634,90257408,Phase 5
[monitor_data] 1776484437636,93403524,3109911,3109911,90257408,Phase 5
[monitor_data] 1776484438037,93405796,3112237,3112237,90257408,Phase 5
[monitor_data] 1776484438466,93408232,3114607,3114607,90257408,Phase 5
[monitor_data] 1776484438889,93410640,3117010,3117010,90257408,Phase 5
[monitor_data] 1776484439317,93413080,3119324,3119324,90257408,Phase 5
[monitor_data] 1776484439721,93415324,3121489,3121489,90257408,Phase 5
[monitor_data] 1776484440160,93417568,3123649,3123649,90257408,Phase 5
[monitor_data] 1776484440576,93419784,3126012,3126012,90257408,Phase 5
[monitor_data] 1776484441010,93422252,3128350,3128350,90257408,Phase 5
[monitor_data] 1776484441413,93424536,3130616,3130616,90257408,Phase 5
[monitor_data] 1776484441829,93426860,3132881,3132881,90257408,Phase 5
[monitor_data] 1776484442229,93429148,3135183,3135183,90257408,Phase 5
[monitor_data] 1776484442641,93431428,3137307,3137307,90257408,Phase 5
[monitor_data] 1776484443048,93433636,3139549,3139549,90257408,Phase 5
[monitor_data] 1776484443454,93435908,3141838,3141838,90257408,Phase 5
[monitor_data] 1776484443901,93438384,3144290,3144290,90257408,Phase 5
[monitor_data] 1776484444324,93440636,3146378,3146378,90257408,Phase 5
[monitor_data] 1776484444759,93442796,3148599,3148599,90257408,Phase 5
[monitor_data] 1776484445201,93445084,3150804,3150804,90257408,Phase 5
[monitor_data] 1776484445650,93447388,3153098,3153098,90257408,Phase 5
[monitor_data] 1776484446096,93449684,3155379,3155379,90257408,Phase 5
[monitor_data] 1776484446543,93451984,3157540,3157540,90257408,Phase 5
[monitor_data] 1776484446983,93454248,3159850,3159850,90257408,Phase 5
[monitor_data] 1776484447417,93456500,3162120,3162120,90257408,Phase 5
[monitor_data] 1776484447852,93458956,3164539,3164539,90257408,Phase 5
[monitor_data] 1776484448272,93461348,3166897,3166897,90257408,Phase 5
[monitor_data] 1776484448711,93463848,3169320,3169320,90257408,Phase 5
[monitor_data] 1776484449132,93466064,3171456,3171456,90257408,Phase 5
[monitor_data] 1776484449558,93468236,3173584,3173584,90257408,Phase 5
[monitor_data] 1776484449978,93470544,3175826,3175826,90257408,Phase 5
[monitor_data] 1776484450386,93472716,3177930,3177930,90257408,Phase 5
[monitor_data] 1776484450788,93474772,3179994,3179994,90257408,Phase 5
[monitor_data] 1776484451204,93476888,3182042,3182042,90257408,Phase 5
[monitor_data] 1776484451615,93479020,3184211,3184211,90257408,Phase 5
[monitor_data] 1776484452036,93481380,3186630,3186630,90257408,Phase 5
[monitor_data] 1776484452450,93483728,3188928,3188928,90257408,Phase 5
[monitor_data] 1776484452883,93486180,3191322,3191322,90257408,Phase 5
[monitor_data] 1776484453316,93488660,3193834,3193834,90257408,Phase 5
[monitor_data] 1776484453748,93491132,3196317,3196317,90257408,Phase 5
[monitor_data] 1776484454203,93493724,3198820,3198820,90257408,Phase 5
[monitor_data] 1776484454635,93496140,3201199,3201199,90257408,Phase 5
[monitor_data] 1776484455082,93498676,3203750,3203750,90257408,Phase 5
[monitor_data] 1776484455520,93501092,3206052,3206052,90257408,Phase 5
[monitor_data] 1776484455975,93503548,3208511,3208511,90257408,Phase 5
[monitor_data] 1776484456445,93506072,3210926,3210926,90257408,Phase 5
[monitor_data] 1776484456878,93508452,3213357,3213357,90257408,Phase 5
[monitor_data] 1776484457330,93511004,3215824,3215824,90257408,Phase 5
[monitor_data] 1776484457763,93513444,3218146,3218146,90257408,Phase 5
[monitor_data] 1776484458182,93515724,3220307,3220307,90257408,Phase 5
[monitor_data] 1776484458601,93517960,3222617,3222617,90257408,Phase 5
[monitor_data] 1776484459033,93520392,3225072,3225072,90257408,Phase 5
[monitor_data] 1776484459485,93522944,3227579,3227579,90257408,Phase 5
[monitor_data] 1776484459908,93525340,3229865,3229865,90257408,Phase 5
[monitor_data] 1776484460338,93527720,3232272,3232272,90257408,Phase 5
[monitor_data] 1776484460779,93530024,3234376,3234376,90257408,Phase 5
[monitor_data] 1776484461185,93532076,3236392,3236392,90257408,Phase 5
[monitor_data] 1776484461598,93534224,3238617,3238617,90257408,Phase 5
[monitor_data] 1776484462010,93536556,3240850,3240850,90257408,Phase 5
[monitor_data] 1776484462412,93538788,3243176,3243176,90257408,Phase 5
[monitor_data] 1776484462828,93541136,3245534,3245534,90257408,Phase 5
[monitor_data] 1776484463278,93543600,3247808,3247808,90257408,Phase 5
[monitor_data] 1776484463687,93545904,3250118,3250118,90257408,Phase 5
[monitor_data] 1776484464098,93548240,3252436,3252436,90257408,Phase 5
[monitor_data] 1776484464526,93550576,3254633,3254633,90257408,Phase 5
[monitor_data] 1776484464940,93552676,3256733,3256733,90257408,Phase 5
[monitor_data] 1776484465372,93554872,3258918,3258918,90257408,Phase 5
[monitor_data] 1776484465807,93557152,3260716,3260716,90257408,Phase 5
[monitor_data] 1776484467570,93558564,3262462,3262462,90257408,Phase 5
[monitor_data] 1776484467966,93560628,3264614,3264614,90257408,Phase 5
[monitor_data] 1776484468378,93562892,3266968,3266968,90257408,Phase 5
[monitor_data] 1776484468843,93565520,3269364,3269364,90257408,Phase 5
[monitor_data] 1776484469259,93567672,3271496,3271496,90257408,Phase 5
[monitor_data] 1776484469669,93569904,3273830,3273830,90257408,Phase 5
[monitor_data] 1776484470116,93572364,3276128,3276128,90257408,Phase 5
[monitor_data] 1776484470538,93574516,3278228,3278228,90257408,Phase 5
[monitor_data] 1776484470983,93576960,3280739,3280739,90257408,Phase 5
[monitor_data] 1776484471409,93579352,3283110,3283110,90257408,Phase 5
[monitor_data] 1776484471856,93581900,3285722,3285722,90257408,Phase 5
[monitor_data] 1776484472305,93584444,3288056,3288056,90257408,Phase 5
[monitor_data] 1776484472716,93586804,3290362,3290362,90257408,Phase 5
[monitor_data] 1776484473135,93589124,3292483,3292483,90257408,Phase 5
[monitor_data] 1776484473579,93591236,3294804,3294804,90257408,Phase 5
[monitor_data] 1776484474009,93593596,3296965,3296965,90257408,Phase 5
[monitor_data] 1776484474421,93595772,3299223,3299223,90257408,Phase 5
[monitor_data] 1776484474838,93597976,3301363,3301363,90257408,Phase 5
[monitor_data] 1776484475255,93600244,3303717,3303717,90257408,Phase 5
[monitor_data] 1776484475696,93602764,3306088,3306088,90257408,Phase 5
[monitor_data] 1776484476098,93604964,3308168,3308168,90257408,Phase 5
[monitor_data] 1776484476506,93607172,3310365,3310365,90257408,Phase 5
[monitor_data] 1776484476911,93609288,3312486,3312486,90257408,Phase 5
[monitor_data] 1776484477326,93611476,3314690,3314690,90257408,Phase 5
[monitor_data] 1776484477738,93613820,3316940,3316940,90257408,Phase 5
[monitor_data] 1776484478153,93615956,3319008,3319008,90257408,Phase 5
[monitor_data] 1776484478567,93618088,3321241,3321241,90257408,Phase 5
[monitor_data] 1776484478991,93620404,3323414,3323414,90257408,Phase 5
[monitor_data] 1776484479418,93622576,3325599,3325599,90257408,Phase 5
[monitor_data] 1776484479834,93624916,3327824,3327824,90257408,Phase 5
[monitor_data] 1776484480241,93627012,3329888,3329888,90257408,Phase 5
[monitor_data] 1776484480650,93629100,3331964,3331964,90257408,Phase 5
[monitor_data] 1776484481082,93631288,3334105,3334105,90257408,Phase 5
[monitor_data] 1776484481501,93633416,3336185,3336185,90257408,Phase 5
[monitor_data] 1776484481907,93635484,3338253,3338253,90257408,Phase 5
[monitor_data] 1776484482344,93637704,3340462,3340462,90257408,Phase 5
[monitor_data] 1776484482753,93639968,3342768,3342768,90257408,Phase 5
[monitor_data] 1776484483175,93642348,3345127,3345127,90257408,Phase 5
[monitor_data] 1776484483610,93644824,3347598,3347598,90257408,Phase 5
[monitor_data] 1776484484049,93647316,3349940,3349940,90257408,Phase 5
[monitor_data] 1776484484470,93649672,3352258,3352258,90257408,Phase 5
[monitor_data] 1776484484896,93651980,3354685,3354685,90257408,Phase 5
[monitor_data] 1776484485357,93654572,3357265,3357265,90257408,Phase 5
[monitor_data] 1776484485802,93656976,3359401,3359401,90257408,Phase 5
[monitor_data] 1776484486228,93659168,3361650,3361650,90257408,Phase 5
[monitor_data] 1776484486675,93661456,3363851,3363851,90257408,Phase 5
[monitor_data] 1776484487120,93663720,3366109,3366109,90257408,Phase 5
[monitor_data] 1776484487563,93666028,3368512,3368512,90257408,Phase 5
[monitor_data] 1776484488017,93668612,3370995,3370995,90257408,Phase 5
[monitor_data] 1776484488454,93671024,3373252,3373252,90257408,Phase 5
[monitor_data] 1776484488896,93673284,3375434,3375434,90257408,Phase 5
[monitor_data] 1776484489325,93675564,3377707,3377707,90257408,Phase 5
[monitor_data] 1776484489754,93677776,3380021,3380021,90257408,Phase 5
[monitor_data] 1776484490214,93680268,3382464,3382464,90257408,Phase 5
[monitor_data] 1776484490650,93682748,3385004,3385004,90257408,Phase 5
[monitor_data] 1776484491089,93685260,3387427,3387427,90257408,Phase 5
[monitor_data] 1776484491535,93687808,3389982,3389982,90257408,Phase 5
[monitor_data] 1776484491980,93690344,3392425,3392425,90257408,Phase 5
[monitor_data] 1776484492407,93692768,3394679,3394679,90257408,Phase 5
[monitor_data] 1776484492838,93695100,3397125,3397125,90257408,Phase 5
[monitor_data] 1776484493271,93697568,3399375,3399375,90257408,Phase 5
[monitor_data] 1776484493691,93699864,3401806,3401806,90257408,Phase 5
[monitor_data] 1776484494115,93702276,3404075,3404075,90257408,Phase 5
[monitor_data] 1776484494521,93704596,3406397,3406397,90257408,Phase 5
[monitor_data] 1776484494941,93706884,3408606,3408606,90257408,Phase 5
[monitor_data] 1776484495383,93709140,3410796,3410796,90257408,Phase 5
[monitor_data] 1776484495815,93711428,3412553,3412553,90257408,Phase 5
[monitor_data] 1776484497559,93712800,3414279,3414279,90257408,Phase 5
[monitor_data] 1776484497972,93714836,3416455,3416455,90257408,Phase 5
[monitor_data] 1776484498407,93717232,3418878,3418878,90257408,Phase 5
[monitor_data] 1776484498853,93719604,3421245,3421245,90257408,Phase 5
[monitor_data] 1776484499294,93722140,3423800,3423800,90257408,Phase 5
[monitor_data] 1776484499727,93724628,3426158,3426158,90257408,Phase 5
[monitor_data] 1776484500172,93727180,3428747,3428747,90257408,Phase 5
[monitor_data] 1776484500615,93729712,3431141,3431141,90257408,Phase 5
[monitor_data] 1776484501028,93732064,3433338,3433338,90257408,Phase 5
[monitor_data] 1776484501438,93734176,3435455,3435455,90257408,Phase 5
[monitor_data] 1776484501854,93736336,3437607,3437607,90257408,Phase 5
[monitor_data] 1776484502275,93738656,3439974,3439974,90257408,Phase 5
[monitor_data] 1776484502704,93740940,3442042,3442042,90257408,Phase 5
[monitor_data] 1776484503109,93743016,3444126,3444126,90257408,Phase 5
[monitor_data] 1776484503514,93745136,3446255,3446255,90257408,Phase 5
[monitor_data] 1776484503940,93747296,3448395,3448395,90257408,Phase 5
[monitor_data] 1776484504357,93749560,3450741,3450741,90257408,Phase 5
[monitor_data] 1776484504803,93752060,3453329,3453329,90257408,Phase 5
[monitor_data] 1776484505263,93754636,3455712,3455712,90257408,Phase 5
[monitor_data] 1776484505692,93757060,3458018,3458018,90257408,Phase 5
[monitor_data] 1776484506114,93759300,3460340,3460340,90257408,Phase 5
[monitor_data] 1776484506558,93761792,3462758,3462758,90257408,Phase 5
[monitor_data] 1776484506997,93764236,3465080,3465080,90257408,Phase 5
[monitor_data] 1776484507415,93766452,3467294,3467294,90257408,Phase 5
[monitor_data] 1776484507836,93768804,3469511,3469511,90257408,Phase 5
[monitor_data] 1776484508251,93770940,3471640,3471640,90257408,Phase 5
[monitor_data] 1776484508655,93773024,3473731,3473731,90257408,Phase 5
[monitor_data] 1776484509095,93775236,3475860,3475860,90257408,Phase 5
[monitor_data] 1776484509518,93777352,3477984,3477984,90257408,Phase 5
[monitor_data] 1776484509961,93779596,3480214,3480214,90257408,Phase 5
[monitor_data] 1776484510393,93781964,3482600,3482600,90257408,Phase 5
[monitor_data] 1776484510819,93784356,3484906,3484906,90257408,Phase 5
[monitor_data] 1776484511240,93786744,3487273,3487273,90257408,Phase 5
[monitor_data] 1776484511651,93789052,3489445,3489445,90257408,Phase 5
[monitor_data] 1776484512057,93791164,3491634,3491634,90257408,Phase 5
[monitor_data] 1776484512486,93793436,3493823,3493823,90257408,Phase 5
[monitor_data] 1776484512892,93795708,3496173,3496173,90257408,Phase 5
[monitor_data] 1776484513317,93798068,3498399,3498399,90257408,Phase 5
[monitor_data] 1776484513739,93800424,3500785,3500785,90257408,Phase 5
[monitor_data] 1776484514156,93802756,3503002,3503002,90257408,Phase 5
[monitor_data] 1776484514559,93805020,3505248,3505248,90257408,Phase 5
[monitor_data] 1776484514966,93807300,3507554,3507554,90257408,Phase 5
[monitor_data] 1776484515387,93809600,3509751,3509751,90257408,Phase 5
[monitor_data] 1776484515817,93811956,3512165,3512165,90257408,Phase 5
[monitor_data] 1776484516263,93814456,3514580,3514580,90257408,Phase 5
[monitor_data] 1776484516688,93816728,3516777,3516777,90257408,Phase 5
[monitor_data] 1776484517123,93818936,3518885,3518885,90257408,Phase 5
[monitor_data] 1776484517541,93821048,3520925,3520925,90257408,Phase 5
[monitor_data] 1776484517964,93823184,3523082,3523082,90257408,Phase 5
[monitor_data] 1776484518392,93825340,3525207,3525207,90257408,Phase 5
[monitor_data] 1776484518811,93827628,3527545,3527545,90257408,Phase 5
[monitor_data] 1776484519231,93829996,3529895,3529895,90257408,Phase 5
[monitor_data] 1776484519668,93832420,3532298,3532298,90257408,Phase 5
[monitor_data] 1776484520098,93834840,3534652,3534652,90257408,Phase 5
[monitor_data] 1776484520528,93837164,3537010,3537010,90257408,Phase 5
[monitor_data] 1776484520979,93839648,3539316,3539316,90257408,Phase 5
[monitor_data] 1776484521392,93841764,3541476,3541476,90257408,Phase 5
[monitor_data] 1776484521815,93844140,3543786,3543786,90257408,Phase 5
[monitor_data] 1776484522242,93846348,3545895,3545895,90257408,Phase 5
[monitor_data] 1776484522671,93848568,3548229,3548229,90257408,Phase 5
[monitor_data] 1776484523102,93851020,3550644,3550644,90257408,Phase 5
[monitor_data] 1776484523533,93853492,3553046,3553046,90257408,Phase 5
[monitor_data] 1776484523964,93855784,3555247,3555247,90257408,Phase 5
[monitor_data] 1776484524394,93857740,3556852,3556852,90257408,Phase 5
[monitor_data] 1776484524824,93858668,3557025,3557025,90257408,Phase 5
[monitor_data] 1776484526262,93859580,3558900,3558900,90257408,Phase 5
[monitor_data] 1776484526708,93861768,3561020,3561020,90257408,Phase 5
[monitor_data] 1776484527143,93863856,3563032,3563032,90257408,Phase 5
[monitor_data] 1776484527559,93865828,3564971,3564971,90257408,Phase 5
[monitor_data] 1776484527992,93867940,3567188,3567188,90257408,Phase 5
[monitor_data] 1776484528428,93870276,3569558,3569558,90257408,Phase 5
[monitor_data] 1776484528851,93872612,3571924,3571924,90257408,Phase 5
[monitor_data] 1776484529285,93875028,3574234,3574234,90257408,Phase 5
[monitor_data] 1776484529723,93877448,3576516,3576516,90257408,Phase 5
[monitor_data] 1776484530137,93879672,3578870,3578870,90257408,Phase 5
[monitor_data] 1776484530559,93882008,3580995,3580995,90257408,Phase 5
[monitor_data] 1776484530964,93884240,3583204,3583204,90257408,Phase 5
[monitor_data] 1776484531378,93886504,3585449,3585449,90257408,Phase 5
[monitor_data] 1776484531792,93888772,3587739,3587739,90257408,Phase 5
[monitor_data] 1776484532217,93890964,3589739,3589739,90257408,Phase 5
[monitor_data] 1776484532628,93893132,3591968,3591968,90257408,Phase 5
[monitor_data] 1776484533023,93895312,3594201,3594201,90257408,Phase 5
[monitor_data] 1776484533432,93897560,3596354,3596354,90257408,Phase 5
[monitor_data] 1776484533850,93899876,3598704,3598704,90257408,Phase 5
[monitor_data] 1776484534261,93902156,3600950,3600950,90257408,Phase 5
[monitor_data] 1776484534674,93904396,3602949,3602949,90257408,Phase 5
[monitor_data] 1776484535067,93906364,3605025,3605025,90257408,Phase 5
[monitor_data] 1776484535487,93908472,3606960,3606960,90257408,Phase 5
[monitor_data] 1776484535895,93910556,3609165,3609165,90257408,Phase 5
[monitor_data] 1776484536304,93912808,3611427,3611427,90257408,Phase 5
[monitor_data] 1776484536722,93915124,3613720,3613720,90257408,Phase 5
[monitor_data] 1776484537134,93917372,3615845,3615845,90257408,Phase 5
[monitor_data] 1776484537529,93919540,3617961,3617961,90257408,Phase 5
[monitor_data] 1776484537932,93921772,3620114,3620114,90257408,Phase 5
[monitor_data] 1776484538339,93923856,3622138,3622138,90257408,Phase 5
[monitor_data] 1776484538737,93925992,3624315,3624315,90257408,Phase 5
[monitor_data] 1776484539146,93928112,3626375,3626375,90257408,Phase 5
[monitor_data] 1776484539558,93930388,3628636,3628636,90257408,Phase 5
[monitor_data] 1776484539964,93932628,3630838,3630838,90257408,Phase 5
[monitor_data] 1776484540385,93934756,3632881,3632881,90257408,Phase 5
[monitor_data] 1776484540795,93936928,3635074,3635074,90257408,Phase 5
[monitor_data] 1776484541199,93939108,3637223,3637223,90257408,Phase 5
[monitor_data] 1776484541593,93941300,3639396,3639396,90257408,Phase 5
[monitor_data] 1776484541992,93943532,3641617,3641617,90257408,Phase 5
[monitor_data] 1776484542392,93945700,3643753,3643753,90257408,Phase 5
[monitor_data] 1776484542798,93947948,3645954,3645954,90257408,Phase 5
[monitor_data] 1776484543207,93950232,3648216,3648216,90257408,Phase 5
[monitor_data] 1776484543618,93952536,3650429,3650429,90257408,Phase 5
[monitor_data] 1776484544018,93954712,3652614,3652614,90257408,Phase 5
[monitor_data] 1776484544438,93956856,3654642,3654642,90257408,Phase 5
[monitor_data] 1776484544836,93958836,3656544,3656544,90257408,Phase 5
[monitor_data] 1776484545254,93960860,3658613,3658613,90257408,Phase 5
[monitor_data] 1776484545655,93963036,3660798,3660798,90257408,Phase 5
[monitor_data] 1776484546055,93965268,3663059,3663059,90257408,Phase 5
[monitor_data] 1776484546457,93967512,3665083,3665083,90257408,Phase 5
[monitor_data] 1776484546836,93969424,3667078,3667078,90257408,Phase 5
[monitor_data] 1776484547239,93971452,3669005,3669005,90257408,Phase 5
[monitor_data] 1776484547643,93973496,3671045,3671045,90257408,Phase 5
[monitor_data] 1776484548053,93975624,3673166,3673166,90257408,Phase 5
[monitor_data] 1776484548446,93977676,3675117,3675117,90257408,Phase 5
[monitor_data] 1776484548845,93979696,3677128,3677128,90257408,Phase 5
[monitor_data] 1776484549237,93981844,3679261,3679261,90257408,Phase 5
[monitor_data] 1776484549618,93983856,3681353,3681353,90257408,Phase 5
[monitor_data] 1776484550024,93986132,3683634,3683634,90257408,Phase 5
[monitor_data] 1776484550443,93988504,3685836,3685836,90257408,Phase 5
[monitor_data] 1776484550833,93990532,3687827,3687827,90257408,Phase 5
[monitor_data] 1776484551240,93992696,3689984,3689984,90257408,Phase 5
[monitor_data] 1776484551632,93994940,3692258,3692258,90257408,Phase 5
[monitor_data] 1776484552024,93997168,3694435,3694435,90257408,Phase 5
[monitor_data] 1776484552431,93999320,3696402,3696402,90257408,Phase 5
[monitor_data] 1776484552820,94001388,3698647,3698647,90257408,Phase 5
[monitor_data] 1776484553245,94003808,3701102,3701102,90257408,Phase 5
[monitor_data] 1776484553660,94006236,3703424,3703424,90257408,Phase 5
[monitor_data] 1776484554080,94008540,3705677,3705677,90257408,Phase 5
[monitor_data] 1776484554501,94010892,3707629,3707629,90257408,Phase 5
[monitor_data] 1776484556230,94012412,3709427,3709427,90257408,Phase 5
[monitor_data] 1776484556640,94014604,3711515,3711515,90257408,Phase 5
[monitor_data] 1776484557040,94016700,3713623,3713623,90257408,Phase 5
[monitor_data] 1776484557452,94018852,3715816,3715816,90257408,Phase 5
[monitor_data] 1776484557867,94021204,3718130,3718130,90257408,Phase 5
[monitor_data] 1776484558267,94023484,3720367,3720367,90257408,Phase 5
[monitor_data] 1776484558697,94025808,3722645,3722645,90257408,Phase 5
[monitor_data] 1776484559133,94028180,3724951,3724951,90257408,Phase 5
[monitor_data] 1776484559545,94030376,3727188,3727188,90257408,Phase 5
[monitor_data] 1776484559990,94032632,3729361,3729361,90257408,Phase 5
[monitor_data] 1776484560411,94035004,3731715,3731715,90257408,Phase 5
[monitor_data] 1776484560820,94037324,3734005,3734005,90257408,Phase 5
[monitor_data] 1776484561235,94039684,3736335,3736335,90257408,Phase 5
[monitor_data] 1776484561658,94042008,3738673,3738673,90257408,Phase 5
[monitor_data] 1776484562073,94044388,3740951,3740951,90257408,Phase 5
[monitor_data] 1776484562488,94046556,3742942,3742942,90257408,Phase 5
[monitor_data] 1776484562896,94048576,3744994,3744994,90257408,Phase 5
[monitor_data] 1776484563314,94050748,3747200,3747200,90257408,Phase 5
[monitor_data] 1776484563746,94053100,3749590,3749590,90257408,Phase 5
[monitor_data] 1776484564166,94055492,3751896,3751896,90257408,Phase 5
[monitor_data] 1776484564592,94057888,3754117,3754117,90257408,Phase 5
[monitor_data] 1776484565014,94060036,3756306,3756306,90257408,Phase 5
[monitor_data] 1776484565406,94062220,3758483,3758483,90257408,Phase 5
[monitor_data] 1776484565803,94064484,3760756,3760756,90257408,Phase 5
[monitor_data] 1776484566203,94066748,3762828,3762828,90257408,Phase 5
[monitor_data] 1776484566587,94068712,3764735,3764735,90257408,Phase 5
[monitor_data] 1776484566976,94070768,3767061,3767061,90257408,Phase 5
[monitor_data] 1776484567396,94073156,3769283,3769283,90257408,Phase 5
[monitor_data] 1776484567806,94075476,3771604,3771604,90257408,Phase 5
[monitor_data] 1776484568230,94077808,3773814,3773814,90257408,Phase 5
[monitor_data] 1776484568649,94079968,3775926,3775926,90257408,Phase 5
[monitor_data] 1776484569062,94082072,3777917,3777917,90257408,Phase 5
[monitor_data] 1776484569448,94084028,3779845,3779845,90257408,Phase 5
[monitor_data] 1776484569844,94086044,3781896,3781896,90257408,Phase 5
[monitor_data] 1776484570265,94088212,3783993,3783993,90257408,Phase 5
[monitor_data] 1776484570674,94090320,3786254,3786254,90257408,Phase 5
[monitor_data] 1776484571152,94093024,3789201,3789201,90257408,Phase 5
[monitor_data] 1776484571689,94096064,3792180,3792180,90257408,Phase 5
[monitor_data] 1776484572192,94098780,3794454,3794454,90257408,Phase 5
[monitor_data] 1776484572619,94100960,3796663,3796663,90257408,Phase 5
[monitor_data] 1776484573053,94103172,3798755,3798755,90257408,Phase 5
[monitor_data] 1776484573480,94105468,3801129,3801129,90257408,Phase 5
[monitor_data] 1776484573907,94107688,3803350,3803350,90257408,Phase 5
[monitor_data] 1776484574340,94110100,3805669,3805669,90257408,Phase 5
[monitor_data] 1776484574745,94112368,3807966,3807966,90257408,Phase 5
[monitor_data] 1776484575180,94114816,3810337,3810337,90257408,Phase 5
[monitor_data] 1776484575605,94117184,3812707,3812707,90257408,Phase 5
[monitor_data] 1776484576030,94119556,3814997,3814997,90257408,Phase 5
[monitor_data] 1776484576446,94121812,3817077,3817077,90257408,Phase 5
[monitor_data] 1776484576869,94123876,3819218,3819218,90257408,Phase 5
[monitor_data] 1776484577303,94126176,3821564,3821564,90257408,Phase 5
[monitor_data] 1776484577730,94128480,3823793,3823793,90257408,Phase 5
[monitor_data] 1776484578152,94130844,3826176,3826176,90257408,Phase 5
[monitor_data] 1776484578565,94133208,3828429,3828429,90257408,Phase 5
[monitor_data] 1776484578975,94135540,3830840,3830840,90257408,Phase 5
[monitor_data] 1776484579414,94138020,3833303,3833303,90257408,Phase 5
[monitor_data] 1776484579867,94140416,3835673,3835673,90257408,Phase 5
[monitor_data] 1776484580310,94142952,3838148,3838148,90257408,Phase 5
[monitor_data] 1776484580737,94145416,3840511,3840511,90257408,Phase 5
[monitor_data] 1776484581181,94147116,3823293,3823293,90257408,Phase 5
[monitor_data] 1776484581613,94147116,3801190,3801190,90257408,Phase 5
[monitor_data] 1776484582059,94147116,3778829,3778829,90257408,Phase 5
[monitor_data] 1776484582483,94147116,3756947,3756947,90257408,Phase 5
[monitor_data] 1776484582913,94147116,3735021,3735021,90257408,Phase 5
[monitor_data] 1776484583343,94147116,3713647,3713647,90257408,Phase 5
[monitor_data] 1776484583764,94147116,3692709,3692709,90257408,Phase 5
[monitor_data] 1776484584185,94147116,3671775,3671775,90257408,Phase 5
[monitor_data] 1776484584600,94147116,3650268,3650268,90257408,Phase 5
[monitor_data] 1776484585027,94147116,3629902,3629902,90257408,Phase 5
[monitor_data] 1776484585427,94147116,3609621,3609621,90257408,Phase 5
[monitor_data] 1776484585852,94147116,3587691,3587691,90257408,Phase 5
[monitor_data] 1776484586271,94147116,3567172,3567172,90257408,Phase 5
[monitor_data] 1776484586684,94147116,3546568,3546568,90257408,Phase 5
[monitor_data] 1776484587099,94147116,3524843,3524843,90257408,Phase 5
[monitor_data] 1776484587520,94147116,3503893,3503893,90257408,Phase 5
[monitor_data] 1776484587947,94147116,3482628,3482628,90257408,Phase 5
[monitor_data] 1776484588384,94147116,3460803,3460803,90257408,Phase 5
[monitor_data] 1776484588806,94147116,3439724,3439724,90257408,Phase 5
[monitor_data] 1776484589227,94147116,3418355,3418355,90257408,Phase 5
[monitor_data] 1776484589651,94147116,3397525,3397525,90257408,Phase 5
[monitor_data] 1776484590061,94147116,3376978,3376978,90257408,Phase 5
[monitor_data] 1776484590479,94147116,3355765,3355765,90257408,Phase 5
[monitor_data] 1776484590906,94147116,3334815,3334815,90257408,Phase 5
[monitor_data] 1776484591308,94147116,3314513,3314513,90257408,Phase 5
[monitor_data] 1776484591715,94147116,3294087,3294087,90257408,Phase 5
[monitor_data] 1776484592121,94147116,3274007,3274007,90257408,Phase 5
[monitor_data] 1776484592547,94147116,3252336,3252336,90257408,Phase 5
[monitor_data] 1776484592971,94147116,3231417,3231417,90257408,Phase 5
[monitor_data] 1776484593391,94147116,3210354,3210354,90257408,Phase 5
[monitor_data] 1776484593796,94147116,3189940,3189940,90257408,Phase 5
[monitor_data] 1776484594204,94147116,3169243,3169243,90257408,Phase 5
[monitor_data] 1776484594626,94147116,3148079,3148079,90257408,Phase 5
[monitor_data] 1776484595041,94147116,3126770,3126770,90257408,Phase 5
[monitor_data] 1776484595454,94147116,3105489,3105489,90257408,Phase 5
[monitor_data] 1776484595877,94147116,3082779,3082779,90257408,Phase 5
[monitor_data] 1776484596311,94147116,3057103,3057103,90257408,Phase 5
[monitor_data] 1776484596722,94147116,3031251,3031251,90257408,Phase 5
[monitor_data] 1776484597154,94147116,3004556,3004556,90257408,Phase 5
[monitor_data] 1776484597572,94147116,2977687,2977687,90257408,Phase 5
[monitor_data] 1776484598016,94147116,2951050,2951050,90257408,Phase 5
[monitor_data] 1776484598450,94147116,2923455,2923455,90257408,Phase 5
[monitor_data] 1776484598890,94147116,2896567,2896567,90257408,Phase 5
[monitor_data] 1776484599312,94209540,3304227,3304227,90257408,Phase 5
[monitor_data] 1776484599718,94209540,3304227,3304227,90257408,Phase 5
[monitor_data] 1776484600140,94209540,3304227,3304227,90257408,Phase 5
[monitor_data] 1776484600553,94209540,3303652,3303652,90257408,Phase 5
[monitor_data] 1776484600975,94209636,3303652,3303652,90257408,Phase 5
[monitor_data] 1776484601389,94209636,3303652,3303652,90257408,Phase 5
[monitor_data] 1776484601839,94209636,3303652,3303652,90257408,Phase 5
[monitor_data] 1776484602273,94209636,3303652,3303652,90257408,Phase 5
[monitor_data] 1776484602690,94209636,3303652,3303652,90257408,Phase 5
[monitor_data] 1776484603128,94209636,3303732,3303732,90257408,Phase 5
[monitor_data] 1776484603555,94209884,3303732,3303732,90257408,Phase 5
[monitor_data] 1776484603995,94209892,3303732,3303732,90257408,Phase 5
[monitor_data] 1776484604420,94209892,3303922,3303922,90257408,Phase 5
[monitor_data] 1776484604834,94210168,3304539,3304539,90257408,Phase 5
[monitor_data] 1776484605264,94210800,3305225,3305225,90257408,Phase 5
[monitor_data] 1776484605687,94211520,3305950,3305950,90257408,Phase 5
[monitor_data] 1776484606104,94212272,3306728,3306728,90257408,Phase 5
[monitor_data] 1776484606522,94213056,3307478,3307478,90257408,Phase 5
[monitor_data] 1776484606940,94213816,3308232,3308232,90257408,Phase 5
[monitor_data] 1776484607351,94214596,3309002,3309002,90257408,Phase 5
[monitor_data] 1776484607784,94215376,3309788,3309788,90257408,Phase 5
[monitor_data] 1776484608232,94216228,3310602,3310602,90257408,Phase 5
[monitor_data] 1776484608641,94216968,3311352,3311352,90257408,Phase 5
[monitor_data] 1776484609071,94217748,3312106,3312106,90257408,Phase 5
[monitor_data] 1776484609487,94218524,3312876,3312876,90257408,Phase 5
[monitor_data] 1776484609919,94219320,3313686,3313686,90257408,Phase 5
[monitor_data] 1776484610373,94220152,3314497,3314497,90257408,Phase 5
[monitor_data] 1776484610827,94220988,3315319,3315319,90257408,Phase 5
[monitor_data] 1776484611261,94221788,3316101,3316101,90257408,Phase 5
[monitor_data] 1776484611689,94222576,3316847,3316847,90257408,Phase 5
[monitor_data] 1776484612099,94223324,3317576,3317576,90257408,Phase 5
[monitor_data] 1776484612517,94224092,3318338,3318338,90257408,Phase 5
[monitor_data] 1776484612935,94224856,3319092,3319092,90257408,Phase 5
[monitor_data] 1776484613369,94225508,3319745,3319745,90257408,Phase 5
[monitor_data] 1776484613779,94226280,3320527,3320527,90257408,Phase 5
[monitor_data] 1776484614213,94227100,3321325,3321325,90257408,Phase 5
[monitor_data] 1776484614647,94227928,3321801,3321801,90257408,Phase 5
[monitor_data] 1776484616309,94228056,3322083,3322083,90257408,Phase 5
[monitor_data] 1776484616716,94228592,3322749,3322749,90257408,Phase 5
[monitor_data] 1776484617133,94229280,3323406,3323406,90257408,Phase 5
[monitor_data] 1776484617549,94229960,3324127,3324127,90257408,Phase 5
[monitor_data] 1776484617998,94230772,3324937,3324937,90257408,Phase 5
[monitor_data] 1776484618421,94231528,3325655,3325655,90257408,Phase 5
[monitor_data] 1776484618855,94232300,3326429,3326429,90257408,Phase 5
[monitor_data] 1776484619269,94233060,3327171,3327171,90257408,Phase 5
[monitor_data] 1776484619669,94233804,3327896,3327896,90257408,Phase 5
[monitor_data] 1776484620082,94234572,3328674,3328674,90257408,Phase 5
[monitor_data] 1776484620499,94235340,3329408,3329408,90257408,Phase 5
[monitor_data] 1776484620914,94236096,3330158,3330158,90257408,Phase 5
[monitor_data] 1776484621324,94236832,3330855,3330855,90257408,Phase 5
[monitor_data] 1776484621762,94237432,3331412,3331412,90257408,Phase 5
[monitor_data] 1776484622179,94238132,3332166,3332166,90257408,Phase 5
[monitor_data] 1776484622615,94238900,3332931,3332931,90257408,Phase 5
[monitor_data] 1776484623036,94239660,3333709,3333709,90257408,Phase 5
[monitor_data] 1776484623465,94240448,3334471,3334471,90257408,Phase 5
[monitor_data] 1776484623926,94241268,3335253,3335253,90257408,Phase 5
[monitor_data] 1776484624346,94242000,3336020,3336020,90257408,Phase 5
[monitor_data] 1776484624797,94242780,3336773,3336773,90257408,Phase 5
[monitor_data] 1776484625260,94243604,3337563,3337563,90257408,Phase 5
[monitor_data] 1776484625689,94244380,3338341,3338341,90257408,Phase 5
[monitor_data] 1776484626126,94245160,3339095,3339095,90257408,Phase 5
[monitor_data] 1776484626569,94245952,3339893,3339893,90257408,Phase 5
[monitor_data] 1776484627009,94246720,3340635,3340635,90257408,Phase 5
[monitor_data] 1776484627460,94247508,3341393,3341393,90257408,Phase 5
[monitor_data] 1776484627908,94248284,3342179,3342179,90257408,Phase 5
[monitor_data] 1776484628355,94249052,3342925,3342925,90257408,Phase 5
[monitor_data] 1776484628770,94249776,3343654,3343654,90257408,Phase 5
[monitor_data] 1776484629208,94250564,3344424,3344424,90257408,Phase 5
[monitor_data] 1776484629641,94251328,3345166,3345166,90257408,Phase 5
[monitor_data] 1776484630078,94252100,3345928,3345928,90257408,Phase 5
[monitor_data] 1776484630504,94252844,3346529,3346529,90257408,Phase 5
[monitor_data] 1776484630932,94253500,3347303,3347303,90257408,Phase 5
[monitor_data] 1776484631350,94254260,3348032,3348032,90257408,Phase 5
[monitor_data] 1776484631784,94255024,3348806,3348806,90257408,Phase 5
[monitor_data] 1776484632192,94255768,3349516,3349516,90257408,Phase 5
[monitor_data] 1776484632595,94256496,3350213,3350213,90257408,Phase 5
[monitor_data] 1776484632999,94257204,3350975,3350975,90257408,Phase 5
[monitor_data] 1776484633438,94257964,3351705,3351705,90257408,Phase 5
[monitor_data] 1776484633868,94258708,3352350,3352350,90257408,Phase 5
[monitor_data] 1776484634278,94259312,3352983,3352983,90257408,Phase 5
[monitor_data] 1776484634687,94260004,3353708,3353708,90257408,Phase 5
[monitor_data] 1776484635114,94260744,3354398,3354398,90257408,Phase 5
[monitor_data] 1776484635524,94261444,3355119,3355119,90257408,Phase 5
[monitor_data] 1776484635952,94262204,3355865,3355865,90257408,Phase 5
[monitor_data] 1776484636373,94262956,3356591,3356591,90257408,Phase 5
[monitor_data] 1776484636802,94263704,3357341,3357341,90257408,Phase 5
[monitor_data] 1776484637223,94264456,3358086,3358086,90257408,Phase 5
[monitor_data] 1776484637653,94265232,3358868,3358868,90257408,Phase 5
[monitor_data] 1776484638093,94266032,3359618,3359618,90257408,Phase 5
[monitor_data] 1776484638499,94266748,3360320,3360320,90257408,Phase 5
[monitor_data] 1776484638912,94267428,3361001,3361001,90257408,Phase 5
[monitor_data] 1776484639320,94268152,3361710,3361710,90257408,Phase 5
[monitor_data] 1776484639733,94268868,3362416,3362416,90257408,Phase 5
[monitor_data] 1776484640141,94269592,3363069,3363069,90257408,Phase 5
[monitor_data] 1776484640570,94270208,3363742,3363742,90257408,Phase 5
[monitor_data] 1776484640994,94270952,3364496,3364496,90257408,Phase 5
[monitor_data] 1776484641426,94271720,3365254,3365254,90257408,Phase 5
[monitor_data] 1776484641864,94272496,3366004,3366004,90257408,Phase 5
[monitor_data] 1776484642295,94273280,3366774,3366774,90257408,Phase 5
[monitor_data] 1776484642711,94274028,3367520,3367520,90257408,Phase 5
[monitor_data] 1776484643140,94274752,3368233,3368233,90257408,Phase 5
[monitor_data] 1776484643554,94275504,3368938,3368938,90257408,Phase 5
[monitor_data] 1776484643946,94276188,3369608,3369608,90257408,Phase 5
[monitor_data] 1776484644336,94276864,3370293,3370293,90257408,Phase 5
[monitor_data] 1776484644746,94277572,3370652,3370652,90257408,Phase 5
[monitor_data] 1776484646421,94277788,3371148,3371148,90257408,Phase 5
[monitor_data] 1776484646811,94278384,3371744,3371744,90257408,Phase 5
[monitor_data] 1776484647231,94279012,3372345,3372345,90257408,Phase 5
[monitor_data] 1776484647622,94279596,3372958,3372958,90257408,Phase 5
[monitor_data] 1776484648049,94280324,3373695,3373695,90257408,Phase 5
[monitor_data] 1776484648461,94281044,3374445,3374445,90257408,Phase 5
[monitor_data] 1776484648888,94281824,3375179,3375179,90257408,Phase 5
[monitor_data] 1776484649294,94282572,3375965,3375965,90257408,Phase 5
[monitor_data] 1776484649731,94283388,3376723,3376723,90257408,Phase 5
[monitor_data] 1776484650140,94284136,3377456,3377456,90257408,Phase 5
[monitor_data] 1776484650562,94284888,3378210,3378210,90257408,Phase 5
[monitor_data] 1776484650991,94285656,3378956,3378956,90257408,Phase 5
[monitor_data] 1776484651423,94286416,3379698,3379698,90257408,Phase 5
[monitor_data] 1776484651843,94287232,3380512,3380512,90257408,Phase 5
[monitor_data] 1776484652269,94287952,3381189,3381189,90257408,Phase 5
[monitor_data] 1776484652695,94288688,3381964,3381964,90257408,Phase 5
[monitor_data] 1776484653139,94289500,3382749,3382749,90257408,Phase 5
[monitor_data] 1776484653555,94290108,3383246,3383246,90257408,Phase 5
[monitor_data] 1776484653994,94290740,3383975,3383975,90257408,Phase 5
[monitor_data] 1776484654419,94291504,3384733,3384733,90257408,Phase 5
[monitor_data] 1776484654860,94292288,3385479,3385479,90257408,Phase 5
[monitor_data] 1776484655280,94293024,3386217,3386217,90257408,Phase 5
[monitor_data] 1776484655703,94293796,3386998,3386998,90257408,Phase 5
[monitor_data] 1776484656133,94294564,3387732,3387732,90257408,Phase 5
[monitor_data] 1776484656560,94295336,3388502,3388502,90257408,Phase 5
[monitor_data] 1776484656993,94296108,3389252,3389252,90257408,Phase 5
[monitor_data] 1776484657448,94296892,3390074,3390074,90257408,Phase 5
[monitor_data] 1776484657910,94297720,3390889,3390889,90257408,Phase 5
[monitor_data] 1776484658361,94298516,3391626,3391626,90257408,Phase 5
[monitor_data] 1776484658798,94299300,3392444,3392444,90257408,Phase 5
[monitor_data] 1776484659240,94300108,3393211,3393211,90257408,Phase 5
[monitor_data] 1776484659695,94300916,3393928,3393928,90257408,Phase 5
[monitor_data] 1776484660134,94301472,3394537,3394537,90257408,Phase 5
[monitor_data] 1776484660585,94302248,3395307,3395307,90257408,Phase 5
[monitor_data] 1776484661025,94303040,3396097,3396097,90257408,Phase 5
[monitor_data] 1776484661459,94303840,3396867,3396867,90257408,Phase 5
[monitor_data] 1776484661887,94304612,3397637,3397637,90257408,Phase 5
[monitor_data] 1776484662329,94305244,3398201,3398201,90257408,Phase 5
[monitor_data] 1776484662760,94305936,3398971,3398971,90257408,Phase 5
[monitor_data] 1776484663220,94306768,3399806,3399806,90257408,Phase 5
[monitor_data] 1776484663658,94307560,3400527,3400527,90257408,Phase 5
[monitor_data] 1776484664094,94308328,3401301,3401301,90257408,Phase 5
[monitor_data] 1776484664544,94309152,3402091,3402091,90257408,Phase 5
[monitor_data] 1776484664955,94309896,3402813,3402813,90257408,Phase 5
[monitor_data] 1776484665358,94310608,3403519,3403519,90257408,Phase 5
[monitor_data] 1776484665770,94311348,3404204,3404204,90257408,Phase 5
[monitor_data] 1776484666172,94312036,3404925,3404925,90257408,Phase 5
[monitor_data] 1776484666581,94312764,3405659,3405659,90257408,Phase 5
[monitor_data] 1776484667006,94313524,3406429,3406429,90257408,Phase 5
[monitor_data] 1776484667450,94314312,3407163,3407163,90257408,Phase 5
[monitor_data] 1776484667859,94315028,3407860,3407860,90257408,Phase 5
[monitor_data] 1776484668263,94315728,3408558,3408558,90257408,Phase 5
[monitor_data] 1776484668678,94316452,3409279,3409279,90257408,Phase 5
[monitor_data] 1776484669086,94317180,3409997,3409997,90257408,Phase 5
[monitor_data] 1776484669512,94317904,3410726,3410726,90257408,Phase 5
[monitor_data] 1776484669937,94318668,3411456,3411456,90257408,Phase 5
[monitor_data] 1776484670339,94319376,3412149,3412149,90257408,Phase 5
[monitor_data] 1776484670752,94320108,3412875,3412875,90257408,Phase 5
[monitor_data] 1776484671160,94320828,3413589,3413589,90257408,Phase 5
[monitor_data] 1776484671567,94321560,3414311,3414311,90257408,Phase 5
[monitor_data] 1776484671981,94322284,3415044,3415044,90257408,Phase 5
[monitor_data] 1776484672404,94323052,3415798,3415798,90257408,Phase 5
[monitor_data] 1776484672834,94323840,3416552,3416552,90257408,Phase 5
[monitor_data] 1776484673270,94324612,3417338,3417338,90257408,Phase 5
[monitor_data] 1776484673716,94325416,3418120,3418120,90257408,Phase 5
[monitor_data] 1776484674154,94326176,3418873,3418873,90257408,Phase 5
[monitor_data] 1776484674572,94326956,3419422,3419422,90257408,Phase 5
[monitor_data] 1776484676321,94327320,3419869,3419869,90257408,Phase 5
[monitor_data] 1776484676756,94327968,3420636,3420636,90257408,Phase 5
[monitor_data] 1776484677187,94328708,3421333,3421333,90257408,Phase 5
[monitor_data] 1776484677626,94329456,3422135,3422135,90257408,Phase 5
[monitor_data] 1776484678045,94330296,3422957,3422957,90257408,Phase 5
[monitor_data] 1776484678467,94331148,3423780,3423780,90257408,Phase 5
[monitor_data] 1776484678890,94331912,3424509,3424509,90257408,Phase 5
[monitor_data] 1776484679325,94332660,3425199,3425199,90257408,Phase 5
[monitor_data] 1776484679754,94333248,3425706,3425706,90257408,Phase 5
[monitor_data] 1776484680163,94333836,3426392,3426392,90257408,Phase 5
[monitor_data] 1776484680575,94334584,3427146,3427146,90257408,Phase 5
[monitor_data] 1776484680988,94335356,3427932,3427932,90257408,Phase 5
[monitor_data] 1776484681424,94336148,3428649,3428649,90257408,Phase 5
[monitor_data] 1776484681846,94336884,3429443,3429443,90257408,Phase 5
[monitor_data] 1776484682281,94337676,3430185,3430185,90257408,Phase 5
[monitor_data] 1776484682707,94338472,3430979,3430979,90257408,Phase 5
[monitor_data] 1776484683139,94339248,3431737,3431737,90257408,Phase 5
[monitor_data] 1776484683576,94340008,3432503,3432503,90257408,Phase 5
[monitor_data] 1776484684020,94340808,3433269,3433269,90257408,Phase 5
[monitor_data] 1776484684430,94341556,3434027,3434027,90257408,Phase 5
[monitor_data] 1776484684871,94342364,3434793,3434793,90257408,Phase 5
[monitor_data] 1776484685295,94343128,3435555,3435555,90257408,Phase 5
[monitor_data] 1776484685723,94343932,3436365,3436365,90257408,Phase 5
[monitor_data] 1776484686169,94344748,3437143,3437143,90257408,Phase 5
[monitor_data] 1776484686579,94345492,3437897,3437897,90257408,Phase 5
[monitor_data] 1776484687001,94346260,3438651,3438651,90257408,Phase 5
[monitor_data] 1776484687422,94347032,3439425,3439425,90257408,Phase 5
[monitor_data] 1776484687868,94347864,3440251,3440251,90257408,Phase 5
[monitor_data] 1776484688303,94348668,3441037,3441037,90257408,Phase 5
[monitor_data] 1776484688743,94349472,3441832,3441832,90257408,Phase 5
[monitor_data] 1776484689186,94350260,3442625,3442625,90257408,Phase 5
[monitor_data] 1776484689649,94351124,3443440,3443440,90257408,Phase 5
[monitor_data] 1776484690088,94351924,3444246,3444246,90257408,Phase 5
[monitor_data] 1776484690509,94352712,3444996,3444996,90257408,Phase 5
[monitor_data] 1776484690932,94353480,3445742,3445742,90257408,Phase 5
[monitor_data] 1776484691341,94354212,3446488,3446488,90257408,Phase 5
[monitor_data] 1776484691770,94355012,3447290,3447290,90257408,Phase 5
[monitor_data] 1776484692203,94355808,3448036,3448036,90257408,Phase 5
[monitor_data] 1776484692621,94356572,3448781,3448781,90257408,Phase 5
[monitor_data] 1776484693027,94357308,3449523,3449523,90257408,Phase 5
[monitor_data] 1776484693456,94358084,3450281,3450281,90257408,Phase 5
[monitor_data] 1776484693885,94358864,3451083,3451083,90257408,Phase 5
[monitor_data] 1776484694329,94359680,3451849,3451849,90257408,Phase 5
[monitor_data] 1776484694744,94360428,3452599,3452599,90257408,Phase 5
[monitor_data] 1776484695158,94361176,3453349,3453349,90257408,Phase 5
[monitor_data] 1776484695607,94361992,3454135,3454135,90257408,Phase 5
[monitor_data] 1776484696017,94362780,3454901,3454901,90257408,Phase 5
[monitor_data] 1776484696443,94363540,3455627,3455627,90257408,Phase 5
[monitor_data] 1776484696853,94364272,3456425,3456425,90257408,Phase 5
[monitor_data] 1776484697307,94365004,3457098,3457098,90257408,Phase 5
[monitor_data] 1776484697745,94365792,3457900,3457900,90257408,Phase 5
[monitor_data] 1776484698167,94366572,3458678,3458678,90257408,Phase 5
[monitor_data] 1776484698605,94367368,3459448,3459448,90257408,Phase 5
[monitor_data] 1776484699036,94368192,3460238,3460238,90257408,Phase 5
[monitor_data] 1776484699444,94368944,3461016,3461016,90257408,Phase 5
[monitor_data] 1776484699891,94369764,3461814,3461814,90257408,Phase 5
[monitor_data] 1776484700334,94370588,3462621,3462621,90257408,Phase 5
[monitor_data] 1776484700769,94371400,3463411,3463411,90257408,Phase 5
[monitor_data] 1776484701204,94372176,3464181,3464181,90257408,Phase 5
[monitor_data] 1776484701654,94372996,3464923,3464923,90257408,Phase 5
[monitor_data] 1776484702099,94373728,3465672,3465672,90257408,Phase 5
[monitor_data] 1776484702545,94374500,3466467,3466467,90257408,Phase 5
[monitor_data] 1776484702976,94375296,3467261,3467261,90257408,Phase 5
[monitor_data] 1776484703402,94376012,3467974,3467974,90257408,Phase 5
[monitor_data] 1776484703845,94376800,3468720,3468720,90257408,Phase 5
[monitor_data] 1776484704266,94377548,3469438,3469438,90257408,Phase 5
[monitor_data] 1776484704688,94378208,3469748,3469748,90257408,Phase 5
[monitor_data] 1776484706292,94378280,3469974,3469974,90257408,Phase 5
[monitor_data] 1776484706716,94378664,3470409,3470409,90257408,Phase 5
[monitor_data] 1776484707131,94379220,3471054,3471054,90257408,Phase 5
[monitor_data] 1776484707565,94379888,3471760,3471760,90257408,Phase 5
[monitor_data] 1776484707996,94380676,3472538,3472538,90257408,Phase 5
[monitor_data] 1776484708424,94381464,3473336,3473336,90257408,Phase 5
[monitor_data] 1776484708856,94382300,3474142,3474142,90257408,Phase 5
[monitor_data] 1776484709290,94383124,3474976,3474976,90257408,Phase 5
[monitor_data] 1776484709733,94383964,3475787,3475787,90257408,Phase 5
[monitor_data] 1776484710171,94384804,3476617,3476617,90257408,Phase 5
[monitor_data] 1776484710602,94385596,3477431,3477431,90257408,Phase 5
[monitor_data] 1776484711030,94386420,3478226,3478226,90257408,Phase 5
[monitor_data] 1776484711478,94387280,3479072,3479072,90257408,Phase 5
[monitor_data] 1776484711924,94388108,3479750,3479750,90257408,Phase 5
[monitor_data] 1776484712359,94388760,3480507,3480507,90257408,Phase 5
[monitor_data] 1776484712803,94389588,3481301,3481301,90257408,Phase 5
[monitor_data] 1776484713227,94390368,3482083,3482083,90257408,Phase 5
[monitor_data] 1776484713661,94391164,3482894,3482894,90257408,Phase 5
[monitor_data] 1776484714088,94391980,3483672,3483672,90257408,Phase 5
[monitor_data] 1776484714509,94392760,3484417,3484417,90257408,Phase 5
[monitor_data] 1776484714939,94393548,3485228,3485228,90257408,Phase 5
[monitor_data] 1776484715376,94394372,3486050,3486050,90257408,Phase 5
[monitor_data] 1776484715802,94395168,3486796,3486796,90257408,Phase 5
[monitor_data] 1776484716224,94395936,3487562,3487562,90257408,Phase 5
[monitor_data] 1776484716657,94396752,3488372,3488372,90257408,Phase 5
[monitor_data] 1776484717121,94397432,3488941,3488941,90257408,Phase 5
[monitor_data] 1776484717546,94398100,3489682,3489682,90257408,Phase 5
[monitor_data] 1776484717960,94398844,3490420,3490420,90257408,Phase 5
[monitor_data] 1776484718392,94399488,3490932,3490932,90257408,Phase 5
[monitor_data] 1776484718795,94399964,3491432,3491432,90257408,Phase 5
[monitor_data] 1776484719214,94400604,3492149,3492149,90257408,Phase 5
[monitor_data] 1776484719622,94401368,3492911,3492911,90257408,Phase 5
[monitor_data] 1776484720051,94402160,3493686,3493686,90257408,Phase 5
[monitor_data] 1776484720452,94402908,3494472,3494472,90257408,Phase 5
[monitor_data] 1776484720879,94403716,3495238,3495238,90257408,Phase 5
[monitor_data] 1776484721298,94404500,3496016,3496016,90257408,Phase 5
[monitor_data] 1776484721721,94405292,3496802,3496802,90257408,Phase 5
[monitor_data] 1776484722161,94406132,3497588,3497588,90257408,Phase 5
[monitor_data] 1776484722574,94406904,3498414,3498414,90257408,Phase 5
[monitor_data] 1776484723006,94407736,3499204,3499204,90257408,Phase 5
[monitor_data] 1776484723467,94408584,3500067,3500067,90257408,Phase 5
[monitor_data] 1776484723905,94409404,3500841,3500841,90257408,Phase 5
[monitor_data] 1776484724343,94410232,3501667,3501667,90257408,Phase 5
[monitor_data] 1776484724792,94411068,3502494,3502494,90257408,Phase 5
[monitor_data] 1776484725221,94411888,3503280,3503280,90257408,Phase 5
[monitor_data] 1776484725645,94412572,3503949,3503949,90257408,Phase 5
[monitor_data] 1776484726074,94413328,3504715,3504715,90257408,Phase 5
[monitor_data] 1776484726506,94414140,3505525,3505525,90257408,Phase 5
[monitor_data] 1776484726954,94414984,3506339,3506339,90257408,Phase 5
[monitor_data] 1776484727371,94415796,3507122,3507122,90257408,Phase 5
[monitor_data] 1776484727804,94416584,3507819,3507819,90257408,Phase 5
[monitor_data] 1776484728246,94417280,3508557,3508557,90257408,Phase 5
[monitor_data] 1776484728668,94417996,3509270,3509270,90257408,Phase 5
[monitor_data] 1776484729114,94418756,3510037,3510037,90257408,Phase 5
[monitor_data] 1776484729560,94419532,3510786,3510786,90257408,Phase 5
[monitor_data] 1776484729997,94420260,3511508,3511508,90257408,Phase 5
[monitor_data] 1776484730432,94421016,3512270,3512270,90257408,Phase 5
[monitor_data] 1776484730864,94421772,3512995,3512995,90257408,Phase 5
[monitor_data] 1776484731309,94422512,3513676,3513676,90257408,Phase 5
[monitor_data] 1776484731749,94423208,3514382,3514382,90257408,Phase 5
[monitor_data] 1776484732165,94423884,3515043,3515043,90257408,Phase 5
[monitor_data] 1776484732580,94424580,3515757,3515757,90257408,Phase 5
[monitor_data] 1776484733035,94425300,3516341,3516341,90257408,Phase 5
[monitor_data] 1776484734835,94425568,3516575,3516575,90257408,Phase 5
[monitor_data] 1776484735269,94426108,3517224,3517224,90257408,Phase 5
[monitor_data] 1776484735689,94426744,3517845,3517845,90257408,Phase 5
[monitor_data] 1776484736103,94427360,3518413,3518413,90257408,Phase 5
[monitor_data] 1776484736509,94427956,3519034,3519034,90257408,Phase 5
[monitor_data] 1776484736921,94428612,3519683,3519683,90257408,Phase 5
[monitor_data] 1776484737327,94429260,3520340,3520340,90257408,Phase 5
[monitor_data] 1776484737739,94429964,3521034,3521034,90257408,Phase 5
[monitor_data] 1776484738176,94430700,3521759,3521759,90257408,Phase 5
[monitor_data] 1776484738597,94431396,3522444,3522444,90257408,Phase 5
[monitor_data] 1776484739015,94432092,3523106,3523106,90257408,Phase 5
[monitor_data] 1776484739431,94432764,3523823,3523823,90257408,Phase 5
[monitor_data] 1776484739858,94433516,3524532,3524532,90257408,Phase 5
[monitor_data] 1776484740270,94434216,3525210,3525210,90257408,Phase 5
[monitor_data] 1776484740682,94434892,3525904,3525904,90257408,Phase 5
[monitor_data] 1776484741112,94435596,3526581,3526581,90257408,Phase 5
[monitor_data] 1776484741533,94436292,3527286,3527286,90257408,Phase 5
[monitor_data] 1776484741959,94436992,3527951,3527951,90257408,Phase 5
[monitor_data] 1776484742377,94437672,3528640,3528640,90257408,Phase 5
[monitor_data] 1776484742820,94438404,3529358,3529358,90257408,Phase 5
[monitor_data] 1776484743243,94439092,3530011,3530011,90257408,Phase 5
[monitor_data] 1776484743676,94439768,3530596,3530596,90257408,Phase 5
[monitor_data] 1776484744099,94440276,3531128,3531128,90257408,Phase 5
[monitor_data] 1776484744521,94440896,3531785,3531785,90257408,Phase 5
[monitor_data] 1776484744959,94441572,3532426,3532426,90257408,Phase 5
[monitor_data] 1776484745385,94442212,3533071,3533071,90257408,Phase 5
[monitor_data] 1776484745805,94442868,3533704,3533704,90257408,Phase 5
[monitor_data] 1776484746233,94443544,3534421,3534421,90257408,Phase 5
[monitor_data] 1776484746681,94444276,3535151,3535151,90257408,Phase 5
[monitor_data] 1776484747114,94445016,3535877,3535877,90257408,Phase 5
[monitor_data] 1776484747537,94445724,3536562,3536562,90257408,Phase 5
[monitor_data] 1776484747952,94446420,3537215,3537215,90257408,Phase 5
[monitor_data] 1776484748350,94447036,3537836,3537836,90257408,Phase 5
[monitor_data] 1776484748750,94447716,3538525,3538525,90257408,Phase 5
[monitor_data] 1776484749176,94448436,3539214,3539214,90257408,Phase 5
[monitor_data] 1776484749573,94449100,3539855,3539855,90257408,Phase 5
[monitor_data] 1776484749978,94449772,3540533,3540533,90257408,Phase 5
[monitor_data] 1776484750395,94450476,3541222,3541222,90257408,Phase 5
[monitor_data] 1776484750827,94451192,3541911,3541911,90257408,Phase 5
[monitor_data] 1776484751243,94451868,3542617,3542617,90257408,Phase 5
[monitor_data] 1776484751682,94452604,3543335,3543335,90257408,Phase 5
[monitor_data] 1776484752124,94453348,3544052,3544052,90257408,Phase 5
[monitor_data] 1776484752554,94454044,3544754,3544754,90257408,Phase 5
[monitor_data] 1776484752983,94454764,3545479,3545479,90257408,Phase 5
[monitor_data] 1776484753427,94455492,3546180,3546180,90257408,Phase 5
[monitor_data] 1776484753861,94456216,3546902,3546902,90257408,Phase 5
[monitor_data] 1776484754298,94456940,3547591,3547591,90257408,Phase 5
[monitor_data] 1776484754717,94457612,3548252,3548252,90257408,Phase 5
[monitor_data] 1776484755141,94458272,3548902,3548902,90257408,Phase 5
[monitor_data] 1776484755557,94458956,3549591,3549591,90257408,Phase 5
[monitor_data] 1776484755959,94459616,3550208,3550208,90257408,Phase 5
[monitor_data] 1776484756376,94460260,3550869,3550869,90257408,Phase 5
[monitor_data] 1776484756790,94460932,3551534,3551534,90257408,Phase 5
[monitor_data] 1776484757195,94461568,3552118,3552118,90257408,Phase 5
[monitor_data] 1776484757597,94462068,3552530,3552530,90257408,Phase 5
[monitor_data] 1776484757994,94462596,3553134,3553134,90257408,Phase 5
[monitor_data] 1776484758392,94463204,3553715,3553715,90257408,Phase 5
[monitor_data] 1776484758778,94463788,3554291,3554291,90257408,Phase 5
[monitor_data] 1776484759161,94464388,3554916,3554916,90257408,Phase 5
[monitor_data] 1776484759568,94465020,3555504,3555504,90257408,Phase 5
[monitor_data] 1776484759964,94465620,3556137,3556137,90257408,Phase 5
[monitor_data] 1776484760406,94466300,3556803,3556803,90257408,Phase 5
[monitor_data] 1776484760831,94466960,3557428,3557428,90257408,Phase 5
[monitor_data] 1776484761219,94467564,3558004,3558004,90257408,Phase 5
[monitor_data] 1776484761624,94468188,3558661,3558661,90257408,Phase 5
[monitor_data] 1776484762058,94468856,3559294,3559294,90257408,Phase 5
[monitor_data] 1776484762467,94469504,3559927,3559927,90257408,Phase 5
[monitor_data] 1776484762866,94470132,3560568,3560568,90257408,Phase 5
[monitor_data] 1776484763291,94470644,3560770,3560770,90257408,Phase 5
[monitor_data] 1776484764802,94470744,3561140,3561140,90257408,Phase 5
[monitor_data] 1776484765188,94471312,3562838,3562838,90257408,Phase 5
[monitor_data] 1776484765602,94474684,3566300,3566300,90257408,Phase 5
[monitor_data] 1776484765998,94478068,3569606,3569606,90257408,Phase 5
[monitor_data] 1776484766383,94481600,3567901,3567901,90257408,Phase 5
[monitor_data] 1776484766797,94482520,3546745,3546745,90257408,Phase 5
[monitor_data] 1776484767177,94482520,3525766,3525766,90257408,Phase 5
[monitor_data] 1776484767599,94482520,3503139,3503139,90257408,Phase 5
[monitor_data] 1776484768026,94482520,3479750,3479750,90257408,Phase 5
[monitor_data] 1776484768463,94482520,3458670,3458670,90257408,Phase 5
[monitor_data] 1776484768870,94482520,3436925,3436925,90257408,Phase 5
[monitor_data] 1776484769283,94482520,3414613,3414613,90257408,Phase 5
[monitor_data] 1776484769718,94482520,3391695,3391695,90257408,Phase 5
[monitor_data] 1776484770135,94482520,3370382,3370382,90257408,Phase 5
[monitor_data] 1776484770544,94482520,3347436,3347436,90257408,Phase 5
[monitor_data] 1776484770977,94307156,3325343,3325343,90257408,Phase 5
[monitor_data] 1776484771396,94241732,3840352,3840352,90257408,Phase 5
[monitor_data] 1776484771827,95124640,4826650,4826650,90257408,Phase 5
[monitor_data] 1776484772273,95124640,4826650,4826650,90257408,Phase 5
[monitor_data] 1776484772733,95124640,4826650,4826650,90257408,Phase 5
[monitor_data] 1776484773155,95124640,4826650,4826650,90257408,Phase 5
[monitor_data] 1776484773593,95124640,4826650,4826650,90257408,Phase 5
[monitor_data] 1776484774016,95124640,4826650,4826650,90257408,Phase 5
[monitor_data] 1776484774447,95124640,4826650,4826650,90257408,Phase 5
[monitor_data] 1776484774855,95124640,4826650,4826650,90257408,Phase 5
[monitor_data] 1776484775274,95124640,4826650,4826650,90257408,Phase 5
[monitor_data] 1776484775670,95124640,4826650,4826650,90257408,Phase 5
[monitor_data] 1776484776073,95124640,4826650,4826650,90257408,Phase 5
[monitor_data] 1776484776496,95124640,4826650,4826650,90257408,Phase 5
[monitor_data] 1776484776894,95124640,4826650,4826650,90257408,Phase 5
[monitor_data] 1776484777300,95124640,4826650,4826650,90257408,Phase 5
[monitor_data] 1776484777720,95124640,4826650,4826650,90257408,Phase 5
[monitor_data] 1776484778146,95124640,4826650,4826650,90257408,Phase 5
[monitor_data] 1776484778584,95124640,4826394,4826394,90257408,Phase 5
[monitor_data] 1776484778996,95124640,4826394,4826394,90257408,Phase 5
[monitor_data] 1776484779409,95124640,4826394,4826394,90257408,Phase 5
[monitor_data] 1776484779813,95124640,4826394,4826394,90257408,Phase 5
[monitor_data] 1776484780231,95124640,4826394,4826394,90257408,Phase 5
[monitor_data] 1776484780644,95124640,4826394,4826394,90257408,Phase 5
[monitor_data] 1776484781036,95124640,4826394,4826394,90257408,Phase 5
[monitor_data] 1776484781432,95124640,4826394,4826394,90257408,Phase 5
[monitor_data] 1776484781834,95124640,4826394,4826394,90257408,Phase 5
[monitor_data] 1776484782267,95124640,4826394,4826394,90257408,Phase 5
[monitor_data] 1776484782666,95124640,4826394,4826394,90257408,Phase 5
[monitor_data] 1776484783068,95124640,4826394,4826394,90257408,Phase 5
[monitor_data] 1776484783491,95124640,4826394,4826394,90257408,Phase 5
[monitor_data] 1776484783916,95124640,4826394,4826394,90257408,Phase 5
[monitor_data] 1776484784347,95124640,4826394,4826394,90257408,Phase 5
[monitor_data] 1776484784762,95124640,4826394,4826394,90257408,Phase 5
[monitor_data] 1776484785173,95124640,4826394,4826394,90257408,Phase 5
[monitor_data] 1776484785599,95124640,4826394,4826394,90257408,Phase 5
[monitor_data] 1776484786022,95124640,4826394,4826394,90257408,Phase 5
[monitor_data] 1776484786443,95124640,4826394,4826394,90257408,Phase 5
[monitor_data] 1776484786878,95124640,4826394,4826394,90257408,Phase 5
[monitor_data] 1776484787315,95124640,4826394,4826394,90257408,Phase 5
[monitor_data] 1776484787721,95124640,4826394,4826394,90257408,Phase 5
[monitor_data] 1776484788156,95124640,4826394,4826394,90257408,Phase 5
[monitor_data] 1776484788579,95124640,4826394,4826394,90257408,Phase 5
[monitor_data] 1776484788990,95124640,4826394,4826394,90257408,Phase 5
[monitor_data] 1776484789406,95124640,4826394,4826394,90257408,Phase 5
[monitor_data] 1776484789819,95124640,4826398,4826398,90257408,Phase 5
[monitor_data] 1776484790239,95124640,4826398,4826398,90257408,Phase 5
[monitor_data] 1776484790654,95124640,4826398,4826398,90257408,Phase 5
[monitor_data] 1776484791102,95124640,4826398,4826398,90257408,Phase 5
[monitor_data] 1776484791517,95124640,4826398,4826398,90257408,Phase 5
[monitor_data] 1776484791949,95124640,4826398,4826398,90257408,Phase 5
[monitor_data] 1776484792375,95124640,4826398,4826398,90257408,Phase 5
[monitor_data] 1776484792800,95124640,4826398,4826398,90257408,Phase 5
[monitor_data] 1776484793207,95124640,4826398,4826398,90257408,Phase 5
[monitor_data] 1776484793646,95124640,4826398,4826398,90257408,Phase 5
[monitor_data] 1776484794073,95124640,4826398,4826398,90257408,Phase 5
[monitor_data] 1776484794515,95124640,4826398,4826398,90257408,Phase 5
[monitor_data] 1776484794923,95124640,4826398,4826398,90257408,Phase 5
[monitor_data] 1776484795312,95124640,4826398,4826398,90257408,Phase 5
[monitor_data] 1776484795718,95124640,4826398,4826398,90257408,Phase 5
[monitor_data] 1776484796144,95124640,4826398,4826398,90257408,Phase 5
[monitor_data] 1776484796540,95124640,4826398,4826398,90257408,Phase 5
[monitor_data] 1776484796934,95124640,4826398,4826398,90257408,Phase 5
[monitor_data] 1776484797349,95124640,4826398,4826398,90257408,Phase 5
[monitor_data] 1776484797796,95124640,4826398,4826398,90257408,Phase 5
[monitor_data] 1776484798295,95124640,4826398,4826398,90257408,Phase 5
[monitor_data] 1776484798837,95124640,4826398,4826398,90257408,Phase 5
[monitor_data] 1776484799355,95124640,4826398,4826398,90257408,Phase 5
[monitor_data] 1776484799793,95124640,4826398,4826398,90257408,Phase 5
[monitor_data] 1776484800215,95124640,4826398,4826398,90257408,Phase 5
[monitor_data] 1776484800652,95124640,4826398,4826398,90257408,Phase 5
[monitor_data] 1776484801102,95124640,4826398,4826398,90257408,Phase 5
[monitor_data] 1776484801528,95124640,4826398,4826398,90257408,Phase 5
[monitor_data] 1776484801969,95124640,4826398,4826398,90257408,Phase 5
[monitor_data] 1776484802416,95124640,4826398,4826398,90257408,Phase 5
[monitor_data] 1776484802823,95124640,4826398,4826398,90257408,Phase 5
[monitor_data] 1776484803230,95124640,4826398,4826398,90257408,Phase 5
[monitor_data] 1776484803647,95124640,4826398,4826398,90257408,Phase 5
[monitor_data] 1776484804068,95124640,4826398,4826398,90257408,Phase 5
[monitor_data] 1776484804469,95124640,4826398,4826398,90257408,Phase 5
[monitor_data] 1776484804882,95124640,4826398,4826398,90257408,Phase 5
[monitor_data] 1776484805290,95124640,4826398,4826398,90257408,Phase 5
[monitor_data] 1776484805748,95124640,4826398,4826398,90257408,Phase 5
[monitor_data] 1776484806177,95124640,4826398,4826398,90257408,Phase 5
[monitor_data] 1776484806590,95124640,4826398,4826398,90257408,Phase 5
[monitor_data] 1776484807012,95124640,4826398,4826398,90257408,Phase 5
[monitor_data] 1776484807425,95124640,4826398,4826398,90257408,Phase 5
[monitor_data] 1776484807865,95124640,4826398,4826398,90257408,Phase 5
[monitor_data] 1776484808313,95124640,4826398,4826398,90257408,Phase 5
[monitor_data] 1776484808757,95124640,4826398,4826398,90257408,Phase 5
[monitor_data] 1776484809207,95124640,4826398,4826398,90257408,Phase 5
[monitor_data] 1776484809633,95124640,4826398,4826398,90257408,Phase 5
[monitor_data] 1776484810078,95124640,4826398,4826398,90257408,Phase 5
[monitor_data] 1776484810505,95124640,4826398,4826398,90257408,Phase 5
[monitor_data] 1776484810947,95124640,4826398,4826398,90257408,Phase 5
[monitor_data] 1776484811370,95124640,4826398,4826398,90257408,Phase 5
[monitor_data] 1776484811795,95124640,4826398,4826398,90257408,Phase 5
[monitor_data] 1776484812241,95124640,4826398,4826398,90257408,Phase 5
[monitor_data] 1776484812665,95124640,4826398,4826398,90257408,Phase 5
[monitor_data] 1776484813107,95124640,3014719,3014719,90257408,Phase 5
[monitor_data] 1776484813547,96312280,5291933,5291933,90257408,Phase 5
[monitor_data] 1776484813986,97503048,5312876,5312876,90257408,Phase 5
[monitor_data] 1776484814431,97603232,5345281,5345281,90257408,Phase 5
[monitor_data] 1776484814843,97629224,5384257,5384257,90257408,Phase 5
[monitor_data] 1776484815259,97650596,5408558,5408558,90257408,Phase 5
[monitor_data] 1776484815705,97671076,5413037,5413037,90257408,Phase 5
[monitor_data] 1776484816125,97685832,5517009,5517009,90257408,Phase 5
[monitor_data] 1776484816574,97705108,5523761,5523761,90257408,Phase 5
[monitor_data] 1776484817009,97726608,5522926,5522926,90257408,Phase 5
[monitor_data] 1776484817422,97749388,5523989,5523989,90257408,Phase 5
[monitor_data] 1776484817853,97767136,5527054,5527054,90257408,Phase 5
[monitor_data] 1776484818300,97788600,5595626,5595626,90257408,Phase 5
[monitor_data] 1776484818726,97808348,5733491,5733491,90257408,Phase 5
[monitor_data] 1776484819145,97834728,5742054,5742054,90257408,Phase 5
[monitor_data] 1776484819595,97861556,5753099,5753099,90257408,Phase 5
[monitor_data] 1776484820012,97887512,5768132,5768132,90257408,Phase 5
[monitor_data] 1776484820432,97915200,5771764,5771764,90257408,Phase 5
[monitor_data] 1776484820848,97935324,5772195,5772195,90257408,Phase 5
[monitor_data] 1776484821258,97953744,5773022,5773022,90257408,Phase 5
[monitor_data] 1776484821663,97975788,5776783,5776783,90257408,Phase 5
[monitor_data] 1776484822069,97996072,5779850,5779850,90257408,Phase 5
[monitor_data] 1776484822471,98016668,5914857,5914857,90257408,Phase 5
[monitor_data] 1776484822878,98042148,5919751,5919751,90257408,Phase 5
[monitor_data] 1776484823298,98059368,5919351,5919351,90257408,Phase 5
[monitor_data] 1776484824810,98070404,5922093,5922093,90257408,Phase 5
[monitor_data] 1776484825220,98090156,6190450,6190450,90257408,Phase 5
[monitor_data] 1776484825620,98115908,6199944,6199944,90257408,Phase 5
[monitor_data] 1776484826032,98136216,6209288,6209288,90257408,Phase 5
[monitor_data] 1776484826448,98159156,6212130,6212130,90257408,Phase 5
[monitor_data] 1776484826843,98181248,6214344,6214344,90257408,Phase 5
[monitor_data] 1776484827253,98199060,6220414,6220414,90257408,Phase 5
[monitor_data] 1776484827691,98223628,6224567,6224567,90257408,Phase 5
[monitor_data] 1776484828121,98249000,6229819,6229819,90257408,Phase 5
[monitor_data] 1776484828532,98267044,6234499,6234499,90257408,Phase 5
[monitor_data] 1776484828938,98290448,6237579,6237579,90257408,Phase 5
[monitor_data] 1776484829383,98311880,6235603,6235603,90257408,Phase 5
[monitor_data] 1776484829802,98332540,6236288,6236288,90257408,Phase 5
[monitor_data] 1776484830215,98349484,6233237,6233237,90257408,Phase 5
[monitor_data] 1776484830645,98367916,6234687,6234687,90257408,Phase 5
[monitor_data] 1776484831073,98386348,6236442,6236442,90257408,Phase 5
[monitor_data] 1776484831476,98402732,6233317,6233317,90257408,Phase 5
[monitor_data] 1776484831891,98421164,6232551,6232551,90257408,Phase 5
[monitor_data] 1776484832303,98437548,6231174,6231174,90257408,Phase 5
[monitor_data] 1776484832728,98453948,6492100,6492100,90257408,Phase 5
[monitor_data] 1776484833135,98470332,6497268,6497268,90257408,Phase 5
[monitor_data] 1776484833547,98485232,6501566,6501566,90257408,Phase 5
[monitor_data] 1776484833991,98502920,6502307,6502307,90257408,Phase 5
[monitor_data] 1776484834427,98520596,6500813,6500813,90257408,Phase 5
[monitor_data] 1776484834882,98536980,6498934,6498934,90257408,Phase 5
[monitor_data] 1776484835328,98553204,7019520,7019520,90257408,Phase 5
[monitor_data] 1776484835768,98571796,7014880,7014880,90257408,Phase 5
[monitor_data] 1776484836241,98588180,7013432,7013432,90257408,Phase 5
[monitor_data] 1776484836663,98604564,7013893,7013893,90257408,Phase 5
[monitor_data] 1776484837113,98620948,7013899,7013899,90257408,Phase 5
[monitor_data] 1776484837571,98637332,7012849,7012849,90257408,Phase 5
[monitor_data] 1776484838016,98653716,7015907,7015907,90257408,Phase 5
[monitor_data] 1776484838466,98670100,7023755,7023755,90257408,Phase 5
[monitor_data] 1776484838923,98684436,7024812,7024812,90257408,Phase 5
[monitor_data] 1776484839363,98700820,7018460,7018460,90257408,Phase 5
[monitor_data] 1776484839786,98719252,7012241,7012241,90257408,Phase 5
[monitor_data] 1776484840231,98733588,7016874,7016874,90257408,Phase 5
[monitor_data] 1776484840641,98747924,7020909,7020909,90257408,Phase 5
[monitor_data] 1776484841076,98762260,7022383,7022383,90257408,Phase 5
[monitor_data] 1776484841526,98778644,7022444,7022444,90257408,Phase 5
[monitor_data] 1776484841961,98797076,7021153,7021153,90257408,Phase 5
[monitor_data] 1776484842401,98811412,7020737,7020737,90257408,Phase 5
[monitor_data] 1776484842836,98827796,7015161,7015161,90257408,Phase 5
[monitor_data] 1776484843269,98844180,7012523,7012523,90257408,Phase 5
[monitor_data] 1776484843708,98860564,7014181,7014181,90257408,Phase 5
[monitor_data] 1776484844121,98874900,7017790,7017790,90257408,Phase 5
[monitor_data] 1776484844569,98889236,7019570,7019570,90257408,Phase 5
[monitor_data] 1776484844986,98905620,7014218,7014218,90257408,Phase 5
[monitor_data] 1776484845419,98922004,7010841,7010841,90257408,Phase 5
[monitor_data] 1776484845853,98938388,7010107,7010107,90257408,Phase 5
[monitor_data] 1776484846278,98952724,7008140,7008140,90257408,Phase 5
[monitor_data] 1776484846695,98971156,7005478,7005478,90257408,Phase 5
[monitor_data] 1776484847121,98985492,7004898,7004898,90257408,Phase 5
[monitor_data] 1776484847543,98999828,7011483,7011483,90257408,Phase 5
[monitor_data] 1776484847978,99018260,7014998,7014998,90257408,Phase 5
[monitor_data] 1776484848419,99032596,7017447,7017447,90257408,Phase 5
[monitor_data] 1776484848864,99046932,7023604,7023604,90257408,Phase 5
[monitor_data] 1776484849279,99064996,7021082,7021082,90257408,Phase 5
[monitor_data] 1776484849704,99081380,7016776,7016776,90257408,Phase 5
[monitor_data] 1776484850136,99095716,7016219,7016219,90257408,Phase 5
[monitor_data] 1776484850572,99112100,7013072,7013072,90257408,Phase 5
[monitor_data] 1776484850993,99128484,7008911,7008911,90257408,Phase 5
[monitor_data] 1776484851420,99144868,7010007,7010007,90257408,Phase 5
[monitor_data] 1776484851843,99159204,7016202,7016202,90257408,Phase 5
[monitor_data] 1776484852248,99173540,7018351,7018351,90257408,Phase 5
[monitor_data] 1776484852672,99187884,7542389,7542389,90257408,Phase 5
[monitor_data] 1776484853120,99206316,7540003,7540003,90257408,Phase 5
[monitor_data] 1776484853538,99220652,7538224,7538224,90257408,Phase 5
[monitor_data] 1776484853963,99234988,7538834,7538834,90257408,Phase 5
[monitor_data] 1776484854399,99251372,7536657,7536657,90257408,Phase 5
[monitor_data] 1776484854855,99267756,7535527,7535527,90257408,Phase 5
[monitor_data] 1776484855284,99284140,7533490,7533490,90257408,Phase 5
[monitor_data] 1776484855708,99300524,7533919,7533919,90257408,Phase 5
[monitor_data] 1776484856142,99312820,8061467,8061467,90257408,Phase 5
[monitor_data] 1776484856561,99327156,8062344,8062344,90257408,Phase 5
[monitor_data] 1776484856997,99345588,8059031,8059031,90257408,Phase 5
[monitor_data] 1776484857444,99361972,8053987,8053987,90257408,Phase 5
[monitor_data] 1776484857875,99376308,8053268,8053268,90257408,Phase 5
[monitor_data] 1776484858322,99392692,8052964,8052964,90257408,Phase 5
[monitor_data] 1776484858749,99409076,8050162,8050162,90257408,Phase 5
[monitor_data] 1776484859189,99427508,8055007,8055007,90257408,Phase 5
[monitor_data] 1776484859630,99439796,8587221,8587221,90257408,Phase 5
[monitor_data] 1776484860082,99454140,8598210,8598210,90257408,Phase 5
[monitor_data] 1776484860516,99468476,8609159,8609159,90257408,Phase 5
[monitor_data] 1776484860932,99485012,8613097,8613097,90257408,Phase 5
[monitor_data] 1776484861369,99507292,8616379,8616379,90257408,Phase 5
[monitor_data] 1776484861785,99522300,8617025,8617025,90257408,Phase 5
[monitor_data] 1776484862218,99540852,8615555,8615555,90257408,Phase 5
[monitor_data] 1776484862662,99561412,8617480,8617480,90257408,Phase 5
[monitor_data] 1776484863099,99580500,8621371,8621371,90257408,Phase 5
[monitor_data] 1776484863550,99599416,8624708,8624708,90257408,Phase 5
[monitor_data] 1776484864004,99617308,8627135,8627135,90257408,Phase 5
[monitor_data] 1776484864442,99639172,8628375,8628375,90257408,Phase 5
[monitor_data] 1776484864870,99653116,8628085,8628085,90257408,Phase 5
[monitor_data] 1776484865311,99669500,8631105,8631105,90257408,Phase 5
[monitor_data] 1776484865733,99691796,8633519,8633519,90257408,Phase 5
[monitor_data] 1776484866189,99707300,8627565,8627565,90257408,Phase 5
[monitor_data] 1776484866611,99723684,8625349,8625349,90257408,Phase 5
[monitor_data] 1776484867020,99735972,8623478,8623478,90257408,Phase 5
[monitor_data] 1776484867451,99754404,8620446,8620446,90257408,Phase 5
[monitor_data] 1776484867869,99770788,8619466,8619466,90257408,Phase 5
[monitor_data] 1776484868305,99785124,8617231,8617231,90257408,Phase 5
[monitor_data] 1776484868721,99799460,8615248,8615248,90257408,Phase 5
[monitor_data] 1776484869140,99817892,8611401,8611401,90257408,Phase 5
[monitor_data] 1776484869558,99832228,8609204,8609204,90257408,Phase 5
[monitor_data] 1776484870002,99830108,8604190,8604190,90257408,Phase 5
[monitor_data] 1776484870440,99846492,8596961,8596961,90257408,Phase 5
[monitor_data] 1776484870884,99862876,8592027,8592027,90257408,Phase 5
[monitor_data] 1776484871294,99879260,8585812,8585812,90257408,Phase 5
[monitor_data] 1776484871702,99893596,8577778,8577778,90257408,Phase 5
[monitor_data] 1776484872127,99909980,8574010,8574010,90257408,Phase 5
[monitor_data] 1776484872541,99926364,8575943,8575943,90257408,Phase 5
[monitor_data] 1776484872960,99940700,8576397,8576397,90257408,Phase 5
[monitor_data] 1776484873374,99955036,8574779,8574779,90257408,Phase 5
[monitor_data] 1776484873799,99969372,8572300,8572300,90257408,Phase 5
[monitor_data] 1776484874232,99985756,8571078,8571078,90257408,Phase 5
[monitor_data] 1776484874670,100004188,8569527,8569527,90257408,Phase 5
[monitor_data] 1776484875093,100018524,8574087,8574087,90257408,Phase 5
[monitor_data] 1776484875509,100032860,8576840,8576840,90257408,Phase 5
[monitor_data] 1776484875937,100049244,8582034,8582034,90257408,Phase 5
[monitor_data] 1776484876364,100063580,8583896,8583896,90257408,Phase 5
[monitor_data] 1776484876817,100079964,8586932,8586932,90257408,Phase 5
[monitor_data] 1776484877236,100094300,8593029,8593029,90257408,Phase 5
[monitor_data] 1776484877667,100110684,8599883,8599883,90257408,Phase 5
[monitor_data] 1776484878091,100125020,8600477,8600477,90257408,Phase 5
[monitor_data] 1776484878515,100141404,8602587,8602587,90257408,Phase 5
[monitor_data] 1776484878941,100154808,8606085,8606085,90257408,Phase 5
[monitor_data] 1776484879365,100172372,8602043,8602043,90257408,Phase 5
[monitor_data] 1776484879786,100186460,8601096,8601096,90257408,Phase 5
[monitor_data] 1776484880197,100202844,8593526,8593526,90257408,Phase 5
[monitor_data] 1776484880606,100217180,8588601,8588601,90257408,Phase 5
[monitor_data] 1776484881040,100233564,8585924,8585924,90257408,Phase 5
[monitor_data] 1776484881462,100247900,8583714,8583714,90257408,Phase 5
[monitor_data] 1776484881900,100264284,8579185,8579185,90257408,Phase 5
[monitor_data] 1776484882331,100280668,8581723,8581723,90257408,Phase 5
[monitor_data] 1776484882754,100295004,8581214,8581214,90257408,Phase 5
[monitor_data] 1776484883184,100311388,8580979,8580979,90257408,Phase 5
[monitor_data] 1776484883622,100329820,8579863,8579863,90257408,Phase 5
[monitor_data] 1776484884043,100342108,8578673,8578673,90257408,Phase 5
[monitor_data] 1776484884496,100358492,8582508,8582508,90257408,Phase 5
[monitor_data] 1776484884932,100376924,8577137,8577137,90257408,Phase 5
[monitor_data] 1776484885363,100391260,8574673,8574673,90257408,Phase 5
[monitor_data] 1776484885793,100407644,8569831,8569831,90257408,Phase 5
[monitor_data] 1776484886227,100424028,8568057,8568057,90257408,Phase 5
[monitor_data] 1776484886638,100438364,8571469,8571469,90257408,Phase 5
[monitor_data] 1776484887088,100454748,8571625,8571625,90257408,Phase 5
[monitor_data] 1776484887514,100469084,8570139,8570139,90257408,Phase 5
[monitor_data] 1776484887931,100485468,8567815,8567815,90257408,Phase 5
[monitor_data] 1776484888347,100499804,8567689,8567689,90257408,Phase 5
[monitor_data] 1776484888781,100518236,8566485,8566485,90257408,Phase 5
[monitor_data] 1776484889240,100534620,8564205,8564205,90257408,Phase 5
[monitor_data] 1776484889684,100551004,8567392,8567392,90257408,Phase 5
[monitor_data] 1776484890129,100565340,8570929,8570929,90257408,Phase 5
[monitor_data] 1776484890558,100581724,8577125,8577125,90257408,Phase 5
[monitor_data] 1776484890978,100596060,8570002,8570002,90257408,Phase 5
[monitor_data] 1776484891422,100614492,8569009,8569009,90257408,Phase 5
[monitor_data] 1776484891854,100628828,8566031,8566031,90257408,Phase 5
[monitor_data] 1776484892283,101628264,9615316,9615316,90257408,Phase 5
[monitor_data] 1776484892706,100659556,9617487,9617487,90257408,Phase 5
[monitor_data] 1776484893126,100673892,9609320,9609320,90257408,Phase 5
[monitor_data] 1776484893573,100692324,9605965,9605965,90257408,Phase 5
[monitor_data] 1776484894009,100708708,9604412,9604412,90257408,Phase 5
[monitor_data] 1776484894436,100720996,9610278,9610278,90257408,Phase 5
[monitor_data] 1776484894866,100739428,9608571,9608571,90257408,Phase 5
[monitor_data] 1776484895329,100755812,9607400,9607400,90257408,Phase 5
[monitor_data] 1776484895765,100770148,9609200,9609200,90257408,Phase 5
[monitor_data] 1776484896208,100788580,9607464,9607464,90257408,Phase 5
[monitor_data] 1776484896666,100804964,9605784,9605784,90257408,Phase 5
[monitor_data] 1776484897109,100821348,9603978,9603978,90257408,Phase 5
[monitor_data] 1776484897566,100835684,9608889,9608889,90257408,Phase 5
[monitor_data] 1776484898024,100852068,11708841,11708841,90257408,Phase 5
[monitor_data] 1776484898469,100866412,10662174,10662174,90257408,Phase 5
[monitor_data] 1776484898887,100884844,10666127,10666127,90257408,Phase 5
[monitor_data] 1776484899313,100899180,10671092,10671092,90257408,Phase 5
[monitor_data] 1776484899728,100915564,10672662,10672662,90257408,Phase 5
[monitor_data] 1776484900156,100929900,10677073,10677073,90257408,Phase 5
[monitor_data] 1776484900587,100944236,10687989,10687989,90257408,Phase 5
[monitor_data] 1776484901036,100958572,10698543,10698543,90257408,Phase 5
[monitor_data] 1776484901475,100977004,10701950,10701950,90257408,Phase 5
[monitor_data] 1776484901916,100993388,10698595,10698595,90257408,Phase 5
[monitor_data] 1776484902389,101011820,10696890,10696890,90257408,Phase 5
[monitor_data] 1776484902830,101028204,10695313,10695313,90257408,Phase 5
[monitor_data] 1776484903274,101042540,10692163,10692163,90257408,Phase 5
[monitor_data] 1776484903731,101060972,10695500,10695500,90257408,Phase 5
[monitor_data] 1776484904168,101075308,10702752,10702752,90257408,Phase 5
[monitor_data] 1776484904601,101091692,10704114,10704114,90257408,Phase 5
[monitor_data] 1776484905032,101108076,10696751,10696751,90257408,Phase 5
[monitor_data] 1776484905465,101124460,10688881,10688881,90257408,Phase 5
[monitor_data] 1776484905888,101138796,10688217,10688217,90257408,Phase 5
[monitor_data] 1776484906321,101155180,10689262,10689262,90257408,Phase 5
[monitor_data] 1776484906759,101171564,10694463,10694463,90257408,Phase 5
[monitor_data] 1776484907174,101185900,10688280,10688280,90257408,Phase 5
[monitor_data] 1776484907602,101202284,10693946,10693946,90257408,Phase 5
[monitor_data] 1776484908034,101216620,10697323,10697323,90257408,Phase 5
[monitor_data] 1776484908447,102166900,11742365,11742365,90257408,Phase 5
[monitor_data] 1776484908882,101247344,11738210,11738210,90257408,Phase 5
[monitor_data] 1776484909303,101263728,11735724,11735724,90257408,Phase 5
[monitor_data] 1776484909716,101278064,11733803,11733803,90257408,Phase 5
[monitor_data] 1776484910149,101294448,11731962,11731962,90257408,Phase 5
[monitor_data] 1776484910570,101310832,11728787,11728787,90257408,Phase 5
[monitor_data] 1776484911003,101327216,11725950,11725950,90257408,Phase 5
[monitor_data] 1776484911428,101339504,11729245,11729245,90257408,Phase 5
[monitor_data] 1776484911867,101357936,11733484,11733484,90257408,Phase 5
[monitor_data] 1776484912304,101372272,11742735,11742735,90257408,Phase 5
[monitor_data] 1776484912730,101388656,11747803,11747803,90257408,Phase 5
[monitor_data] 1776484913166,101402992,11751504,11751504,90257408,Phase 5
[monitor_data] 1776484913597,101415280,11756277,11756277,90257408,Phase 5
[monitor_data] 1776484914842,101436584,11762357,11762357,90257408,Phase 5
[monitor_data] 1776484915266,101451168,11756338,11756338,90257408,Phase 5
[monitor_data] 1776484915696,101467552,11753982,11753982,90257408,Phase 5
[monitor_data] 1776484916151,101485984,11750923,11750923,90257408,Phase 5
[monitor_data] 1776484916563,101502368,11748076,11748076,90257408,Phase 5
[monitor_data] 1776484916977,101514656,11751590,11751590,90257408,Phase 5
[monitor_data] 1776484917390,101531220,11748957,11748957,90257408,Phase 5
[monitor_data] 1776484917806,101545556,11747233,11747233,90257408,Phase 5
[monitor_data] 1776484918249,101563988,11746418,11746418,90257408,Phase 5
[monitor_data] 1776484918690,101578324,11749397,11749397,90257408,Phase 5
[monitor_data] 1776484919127,101592732,11749718,11749718,90257408,Phase 5
[monitor_data] 1776484919546,101609116,11747235,11747235,90257408,Phase 5
[monitor_data] 1776484919977,101625500,11746958,11746958,90257408,Phase 5
[monitor_data] 1776484920424,101641884,11746448,11746448,90257408,Phase 5
[monitor_data] 1776484920841,101656220,11751327,11751327,90257408,Phase 5
[monitor_data] 1776484921276,101673792,11751966,11751966,90257408,Phase 5
[monitor_data] 1776484921712,101690596,11749105,11749105,90257408,Phase 5
[monitor_data] 1776484922171,101706980,11748840,11748840,90257408,Phase 5
[monitor_data] 1776484922626,101723364,11747527,11747527,90257408,Phase 5
[monitor_data] 1776484923078,101739748,11750376,11750376,90257408,Phase 5
[monitor_data] 1776484923516,101758180,11746448,11746448,90257408,Phase 5
[monitor_data] 1776484923951,101774564,11744217,11744217,90257408,Phase 5
[monitor_data] 1776484924395,101788900,11743869,11743869,90257408,Phase 5
[monitor_data] 1776484924830,101805284,11745637,11745637,90257408,Phase 5
[monitor_data] 1776484925262,101821668,11745732,11745732,90257408,Phase 5
[monitor_data] 1776484925700,101836004,11742620,11742620,90257408,Phase 5
[monitor_data] 1776484926118,101854436,11739452,11739452,90257408,Phase 5
[monitor_data] 1776484926560,101870820,11734901,11734901,90257408,Phase 5
[monitor_data] 1776484926990,101885156,11731724,11731724,90257408,Phase 5
[monitor_data] 1776484927463,101903588,11737665,11737665,90257408,Phase 5
[monitor_data] 1776484927905,101917924,11743486,11743486,90257408,Phase 5
[monitor_data] 1776484928355,101934308,11741410,11741410,90257408,Phase 5
[monitor_data] 1776484928810,101952740,11739993,11739993,90257408,Phase 5
[monitor_data] 1776484929254,101967076,11737453,11737453,90257408,Phase 5
[monitor_data] 1776484929693,101983460,11735745,11735745,90257408,Phase 5
[monitor_data] 1776484930138,102001892,11735119,11735119,90257408,Phase 5
[monitor_data] 1776484930589,102018276,11732394,11732394,90257408,Phase 5
[monitor_data] 1776484931063,102034660,11729495,11729495,90257408,Phase 5
[monitor_data] 1776484931500,102051044,11727179,11727179,90257408,Phase 5
[monitor_data] 1776484931940,102067428,11724963,11724963,90257408,Phase 5
[monitor_data] 1776484932374,102083812,11723259,11723259,90257408,Phase 5
[monitor_data] 1776484932802,102100196,11720730,11720730,90257408,Phase 5
[monitor_data] 1776484933260,102116580,11718688,11718688,90257408,Phase 5
[monitor_data] 1776484933708,102132964,11719644,11719644,90257408,Phase 5
[monitor_data] 1776484934148,102147300,11717989,11717989,90257408,Phase 5
[monitor_data] 1776484934591,102163684,11715042,11715042,90257408,Phase 5
[monitor_data] 1776484935018,102180068,11723402,11723402,90257408,Phase 5
[monitor_data] 1776484935461,102194404,11728642,11728642,90257408,Phase 5
[monitor_data] 1776484935954,102212836,11724818,11724818,90257408,Phase 5
[monitor_data] 1776484936401,102231268,11715417,11715417,90257408,Phase 5
[monitor_data] 1776484936819,102245604,11718607,11718607,90257408,Phase 5
[monitor_data] 1776484937247,102259940,11724202,11724202,90257408,Phase 5
[monitor_data] 1776484937694,102276324,11725947,11725947,90257408,Phase 5
[monitor_data] 1776484938115,102292708,11725420,11725420,90257408,Phase 5
[monitor_data] 1776484938532,102307044,11723396,11723396,90257408,Phase 5
[monitor_data] 1776484938970,102323428,11718749,11718749,90257408,Phase 5
[monitor_data] 1776484939414,102339812,11719276,11719276,90257408,Phase 5
[monitor_data] 1776484939862,102356196,11717977,11717977,90257408,Phase 5
[monitor_data] 1776484940316,102372580,11714296,11714296,90257408,Phase 5
[monitor_data] 1776484940769,102388964,11711883,11711883,90257408,Phase 5
[monitor_data] 1776484941215,102407396,11709301,11709301,90257408,Phase 5
[monitor_data] 1776484941643,102421732,11713226,11713226,90257408,Phase 5
[monitor_data] 1776484942078,102438116,11712803,11712803,90257408,Phase 5
[monitor_data] 1776484942528,102456548,11710566,11710566,90257408,Phase 5
[monitor_data] 1776484942953,102468836,11708944,11708944,90257408,Phase 5
[monitor_data] 1776484943375,102485220,11706322,11706322,90257408,Phase 5
[monitor_data] 1776484943818,102501604,11702858,11702858,90257408,Phase 5
[monitor_data] 1776484944250,102517988,11703302,11703302,90257408,Phase 5
[monitor_data] 1776484944700,102534372,11703677,11703677,90257408,Phase 5
[monitor_data] 1776484945144,102550756,11701030,11701030,90257408,Phase 5
[monitor_data] 1776484945579,102569188,11699998,11699998,90257408,Phase 5
[monitor_data] 1776484945999,102581476,11699361,11699361,90257408,Phase 5
[monitor_data] 1776484946423,102597860,11696862,11696862,90257408,Phase 5
[monitor_data] 1776484946879,102612196,11692353,11692353,90257408,Phase 5
[monitor_data] 1776484947286,102628580,11689993,11689993,90257408,Phase 5
[monitor_data] 1776484947720,102647012,11689478,11689478,90257408,Phase 5
[monitor_data] 1776484948166,102659300,11696944,11696944,90257408,Phase 5
[monitor_data] 1776484948619,102677732,11691640,11691640,90257408,Phase 5
[monitor_data] 1776484949061,102694116,11694081,11694081,90257408,Phase 5
[monitor_data] 1776484949500,102710500,11697991,11697991,90257408,Phase 5
[monitor_data] 1776484949934,102724836,11696484,11696484,90257408,Phase 5
[monitor_data] 1776484950369,102741220,11690978,11690978,90257408,Phase 5
[monitor_data] 1776484950809,102757604,11687786,11687786,90257408,Phase 5
[monitor_data] 1776484951255,102773988,11686721,11686721,90257408,Phase 5
[monitor_data] 1776484951704,102792420,11685315,11685315,90257408,Phase 5
[monitor_data] 1776484952153,102806756,11682186,11682186,90257408,Phase 5
[monitor_data] 1776484952591,102825188,11685314,11685314,90257408,Phase 5
[monitor_data] 1776484953047,102841572,11680051,11680051,90257408,Phase 5
[monitor_data] 1776484953470,102855908,11678339,11678339,90257408,Phase 5
[monitor_data] 1776484953927,102874340,11680351,11680351,90257408,Phase 5
[monitor_data] 1776484954378,102890724,11681740,11681740,90257408,Phase 5
[monitor_data] 1776484954832,102907108,11679396,11679396,90257408,Phase 5
[monitor_data] 1776484955288,102925540,11677936,11677936,90257408,Phase 5
[monitor_data] 1776484955738,102939876,11683398,11683398,90257408,Phase 5
[monitor_data] 1776484956191,102958308,11687766,11687766,90257408,Phase 5
[monitor_data] 1776484956639,102972644,11692555,11692555,90257408,Phase 5
[monitor_data] 1776484957108,102989028,11695427,11695427,90257408,Phase 5
[monitor_data] 1776484957550,103007460,11691776,11691776,90257408,Phase 5
[monitor_data] 1776484957994,103023844,11685920,11685920,90257408,Phase 5
[monitor_data] 1776484958412,103038180,11680892,11680892,90257408,Phase 5
[monitor_data] 1776484958838,103052516,11677868,11677868,90257408,Phase 5
[monitor_data] 1776484959299,103070948,11680876,11680876,90257408,Phase 5
[monitor_data] 1776484959727,103087332,11678517,11678517,90257408,Phase 5
[monitor_data] 1776484960156,103101668,11677318,11677318,90257408,Phase 5
[monitor_data] 1776484960603,103120100,11676208,11676208,90257408,Phase 5
[monitor_data] 1776484961065,103136484,11672796,11672796,90257408,Phase 5
[monitor_data] 1776484961504,103150820,11672314,11672314,90257408,Phase 5
[monitor_data] 1776484961945,103169252,11671060,11671060,90257408,Phase 5
[monitor_data] 1776484962392,103185636,11669084,11669084,90257408,Phase 5
[monitor_data] 1776484962820,103197924,11666373,11666373,90257408,Phase 5
[monitor_data] 1776484963250,103216356,11662792,11662792,90257408,Phase 5
[monitor_data] 1776484963711,103232740,11659554,11659554,90257408,Phase 5
[monitor_data] 1776484964144,103249124,11655266,11655266,90257408,Phase 5
[monitor_data] 1776484964566,103267556,11650085,11650085,90257408,Phase 5
[monitor_data] 1776484965010,103281892,11644590,11644590,90257408,Phase 5
[monitor_data] 1776484965445,103294628,11634867,11634867,90257408,Phase 5
[monitor_data] 1776484965884,103315108,11629495,11629495,90257408,Phase 5
[monitor_data] 1776484966319,103331492,11627540,11627540,90257408,Phase 5
[monitor_data] 1776484966744,103343780,11626766,11626766,90257408,Phase 5
[monitor_data] 1776484967178,103362212,11625414,11625414,90257408,Phase 5
[monitor_data] 1776484967594,103376548,11626909,11626909,90257408,Phase 5
[monitor_data] 1776484968014,103392932,11633137,11633137,90257408,Phase 5
[monitor_data] 1776484968448,103405220,11635161,11635161,90257408,Phase 5
[monitor_data] 1776484968903,103421604,11637777,11637777,90257408,Phase 5
[monitor_data] 1776484969341,103437988,11640172,11640172,90257408,Phase 5
[monitor_data] 1776484969781,103454372,11648080,11648080,90257408,Phase 5
[monitor_data] 1776484970194,103466660,11647727,11647727,90257408,Phase 5
[monitor_data] 1776484970615,103483044,11642669,11642669,90257408,Phase 5
[monitor_data] 1776484971046,103501476,11640949,11640949,90257408,Phase 5
[monitor_data] 1776484971458,103515812,11639655,11639655,90257408,Phase 5
[monitor_data] 1776484971869,103530148,11635387,11635387,90257408,Phase 5
[monitor_data] 1776484972298,103544484,11629838,11629838,90257408,Phase 5
[monitor_data] 1776484972746,104162992,13722699,13722699,90257408,Phase 5
[monitor_data] 1776484973175,103573164,13721655,13721655,90257408,Phase 5
[monitor_data] 1776484973603,103589548,13722540,13722540,90257408,Phase 5
[monitor_data] 1776484974036,103603884,13725693,13725693,90257408,Phase 5
[monitor_data] 1776484974460,103618220,13728209,13728209,90257408,Phase 5
[monitor_data] 1776484974915,103636652,13724441,13724441,90257408,Phase 5
[monitor_data] 1776484975343,103650988,13723315,13723315,90257408,Phase 5
[monitor_data] 1776484975772,103667372,13725015,13725015,90257408,Phase 5
[monitor_data] 1776484976232,103685804,13723446,13723446,90257408,Phase 5
[monitor_data] 1776484976678,103700140,13721591,13721591,90257408,Phase 5
[monitor_data] 1776484977101,103716524,13721005,13721005,90257408,Phase 5
[monitor_data] 1776484977534,103728812,13720428,13720428,90257408,Phase 5
[monitor_data] 1776484977974,103745196,13718395,13718395,90257408,Phase 5
[monitor_data] 1776484978390,103763628,13723593,13723593,90257408,Phase 5
[monitor_data] 1776484978826,103775916,13728652,13728652,90257408,Phase 5
[monitor_data] 1776484979267,103792300,13728549,13728549,90257408,Phase 5
[monitor_data] 1776484979699,103810732,13721758,13721758,90257408,Phase 5
[monitor_data] 1776484980158,103825068,13716779,13716779,90257408,Phase 5
[monitor_data] 1776484980595,103841452,13716073,13716073,90257408,Phase 5
[monitor_data] 1776484981042,103859884,13716374,13716374,90257408,Phase 5
[monitor_data] 1776484981498,103874220,13716194,13716194,90257408,Phase 5
[monitor_data] 1776484981943,103890604,13715983,13715983,90257408,Phase 5
[monitor_data] 1776484982380,103909036,13715657,13715657,90257408,Phase 5
[monitor_data] 1776484982831,103921324,17908434,17908434,90257408,Phase 5
[monitor_data] 1776484983253,105868984,15811027,15811027,90257408,Phase 5
[monitor_data] 1776484983707,103952052,15808974,15808974,90257408,Phase 5
[monitor_data] 1776484984157,103968436,15807651,15807651,90257408,Phase 5
[monitor_data] 1776484984622,103984820,15807280,15807280,90257408,Phase 5
[monitor_data] 1776484985063,104001204,15813980,15813980,90257408,Phase 5
[monitor_data] 1776484985525,104015540,15818499,15818499,90257408,Phase 5
[monitor_data] 1776484985961,104033972,15816192,15816192,90257408,Phase 5
[monitor_data] 1776484986421,104050356,15806217,15806217,90257408,Phase 5
[monitor_data] 1776484986864,104066740,15807167,15807167,90257408,Phase 5
[monitor_data] 1776484987306,104083124,15813181,15813181,90257408,Phase 5
[monitor_data] 1776484987731,104099508,15816664,15816664,90257408,Phase 5
[monitor_data] 1776484988156,104111796,15819452,15819452,90257408,Phase 5
[monitor_data] 1776484988589,104128180,15822779,15822779,90257408,Phase 5
[monitor_data] 1776484989018,104144564,15825259,15825259,90257408,Phase 5
[monitor_data] 1776484989450,104162996,15822951,15822951,90257408,Phase 5
[monitor_data] 1776484989898,104177332,15829461,15829461,90257408,Phase 5
[monitor_data] 1776484990342,104191668,15827451,15827451,90257408,Phase 5
[monitor_data] 1776484990782,104210100,15821066,15821066,90257408,Phase 5
[monitor_data] 1776484991234,104226484,15816955,15816955,90257408,Phase 5
[monitor_data] 1776484991689,104244916,15817887,15817887,90257408,Phase 5
[monitor_data] 1776484992136,104259252,15822616,15822616,90257408,Phase 5
[monitor_data] 1776484992599,104275636,15825016,15825016,90257408,Phase 5
[monitor_data] 1776484993030,104294068,15827270,15827270,90257408,Phase 5
[monitor_data] 1776484993451,104306356,15828195,15828195,90257408,Phase 5
[monitor_data] 1776484993861,104320692,15827229,15827229,90257408,Phase 5
[monitor_data] 1776484994276,104337076,15825561,15825561,90257408,Phase 5
[monitor_data] 1776484994707,104353460,15821206,15821206,90257408,Phase 5
[monitor_data] 1776484995132,104365748,15817450,15817450,90257408,Phase 5
[monitor_data] 1776484995563,104384180,15811847,15811847,90257408,Phase 5
[monitor_data] 1776484996036,104400564,15807128,15807128,90257408,Phase 5
[monitor_data] 1776484996476,104418996,15807617,15807617,90257408,Phase 5
[monitor_data] 1776484996916,104433332,15806476,15806476,90257408,Phase 5
[monitor_data] 1776484997348,104449716,15805597,15805597,90257408,Phase 5
[monitor_data] 1776484997783,104466100,15807020,15807020,90257408,Phase 5
[monitor_data] 1776484998212,104482484,15807947,15807947,90257408,Phase 5
[monitor_data] 1776484998636,104496820,15806229,15806229,90257408,Phase 5
[monitor_data] 1776484999077,104513204,15805643,15805643,90257408,Phase 5
[monitor_data] 1776484999549,104529588,15804561,15804561,90257408,Phase 5
[monitor_data] 1776484999971,104545972,15802088,15802088,90257408,Phase 5
[monitor_data] 1776485000407,104562356,15800663,15800663,90257408,Phase 5
[monitor_data] 1776485000847,104576692,15805973,15805973,90257408,Phase 5
[monitor_data] 1776485001274,104593076,15804153,15804153,90257408,Phase 5
[monitor_data] 1776485001719,104609460,15800104,15800104,90257408,Phase 5
[monitor_data] 1776485002159,104625844,15798526,15798526,90257408,Phase 5
[monitor_data] 1776485002581,104642228,15804235,15804235,90257408,Phase 5
[monitor_data] 1776485003036,104658612,15806045,15806045,90257408,Phase 5
[monitor_data] 1776485003482,104674996,15806811,15806811,90257408,Phase 5
[monitor_data] 1776485003921,104691380,15809796,15809796,90257408,Phase 5
[monitor_data] 1776485004355,104705716,15806175,15806175,90257408,Phase 5
[monitor_data] 1776485004804,104722100,15804318,15804318,90257408,Phase 5
[monitor_data] 1776485005216,104736436,15802760,15802760,90257408,Phase 5
[monitor_data] 1776485005670,105350844,17901434,17901434,90257408,Phase 5
[monitor_data] 1776485006104,104769208,17898673,17898673,90257408,Phase 5
[monitor_data] 1776485006537,104783544,17898543,17898543,90257408,Phase 5
[monitor_data] 1776485006963,104799928,17896793,17896793,90257408,Phase 5
[monitor_data] 1776485007381,104814264,17906840,17906840,90257408,Phase 5
[monitor_data] 1776485007803,104830648,17915712,17915712,90257408,Phase 5
[monitor_data] 1776485008219,104844984,17918744,17918744,90257408,Phase 5
[monitor_data] 1776485008636,104861368,17919921,17919921,90257408,Phase 5
[monitor_data] 1776485009069,104877752,17915473,17915473,90257408,Phase 5
[monitor_data] 1776485009494,104892088,17912499,17912499,90257408,Phase 5
[monitor_data] 1776485009930,104908472,17909530,17909530,90257408,Phase 5
[monitor_data] 1776485010356,104922808,17905292,17905292,90257408,Phase 5
[monitor_data] 1776485010796,104939192,17899726,17899726,90257408,Phase 5
[monitor_data] 1776485011220,104957624,17896029,17896029,90257408,Phase 5
[monitor_data] 1776485011667,104974008,17894598,17894598,90257408,Phase 5
[monitor_data] 1776485012115,104988344,17894352,17894352,90257408,Phase 5
[monitor_data] 1776485012540,105004728,17893044,17893044,90257408,Phase 5
[monitor_data] 1776485012979,105021112,17898924,17898924,90257408,Phase 5
[monitor_data] 1776485013405,105037496,17910591,17910591,90257408,Phase 5
[monitor_data] 1776485013837,105049784,17916976,17916976,90257408,Phase 5
[monitor_data] 1776485014266,105066168,17918819,17918819,90257408,Phase 5
[monitor_data] 1776485014709,105082552,17919839,17919839,90257408,Phase 5
[monitor_data] 1776485015135,105100984,17917211,17917211,90257408,Phase 5
[monitor_data] 1776485015554,105113272,17916714,17916714,90257408,Phase 5
[monitor_data] 1776485015974,105129656,17915249,17915249,90257408,Phase 5
[monitor_data] 1776485016393,105143992,17913293,17913293,90257408,Phase 5
[monitor_data] 1776485016856,105162424,17913546,17913546,90257408,Phase 5
[monitor_data] 1776485017282,105176760,17915664,17915664,90257408,Phase 5
[monitor_data] 1776485017709,105193144,17921538,17921538,90257408,Phase 5
[monitor_data] 1776485018126,105205432,17924396,17924396,90257408,Phase 5
[monitor_data] 1776485018582,105221816,17921074,17921074,90257408,Phase 5
[monitor_data] 1776485019001,105238200,17918611,17918611,90257408,Phase 5
[monitor_data] 1776485019446,105254584,17921445,17921445,90257408,Phase 5
[monitor_data] 1776485019899,105270968,17917815,17917815,90257408,Phase 5
[monitor_data] 1776485020341,105285304,17917804,17917804,90257408,Phase 5
[monitor_data] 1776485020776,105301688,17916682,17916682,90257408,Phase 5
[monitor_data] 1776485021221,105318072,17913903,17913903,90257408,Phase 5
[monitor_data] 1776485021665,105334456,17914737,17914737,90257408,Phase 5
[monitor_data] 1776485022090,105348792,17910924,17910924,90257408,Phase 5
[monitor_data] 1776485022550,105367224,17909593,17909593,90257408,Phase 5
[monitor_data] 1776485022991,105383608,17909941,17909941,90257408,Phase 5
[monitor_data] 1776485023440,105397944,17911809,17911809,90257408,Phase 5
[monitor_data] 1776485023883,105416376,17908592,17908592,90257408,Phase 5
[monitor_data] 1776485024334,105432760,17903972,17903972,90257408,Phase 5
[monitor_data] 1776485024772,105451192,17899789,17899789,90257408,Phase 5
[monitor_data] 1776485025214,105465528,17893338,17893338,90257408,Phase 5
[monitor_data] 1776485025651,105481912,17891871,17891871,90257408,Phase 5
[monitor_data] 1776485026088,105498296,17891820,17891820,90257408,Phase 5
[monitor_data] 1776485026551,105514680,17898629,17898629,90257408,Phase 5
[monitor_data] 1776485026975,105529016,17897883,17897883,90257408,Phase 5
[monitor_data] 1776485027397,105547448,17891265,17891265,90257408,Phase 5
[monitor_data] 1776485027827,105561784,17890274,17890274,90257408,Phase 5
[monitor_data] 1776485028270,105578168,17886274,17886274,90257408,Phase 5
[monitor_data] 1776485028702,105594552,17881906,17881906,90257408,Phase 5
[monitor_data] 1776485029129,105610936,17873825,17873825,90257408,Phase 5
[monitor_data] 1776485029564,105627320,17876927,17876927,90257408,Phase 5
[monitor_data] 1776485030010,105641656,17880645,17880645,90257408,Phase 5
[monitor_data] 1776485030464,105655992,17887606,17887606,90257408,Phase 5
[monitor_data] 1776485030920,105674424,17886710,17886710,90257408,Phase 5
[monitor_data] 1776485031351,105690808,17884636,17884636,90257408,Phase 5
[monitor_data] 1776485031783,105705144,17885858,17885858,90257408,Phase 5
[monitor_data] 1776485032235,105723576,17888972,17888972,90257408,Phase 5
[monitor_data] 1776485032683,105737912,17885286,17885286,90257408,Phase 5
[monitor_data] 1776485033124,105754296,17884619,17884619,90257408,Phase 5
[monitor_data] 1776485033553,105768632,17885052,17885052,90257408,Phase 5
[monitor_data] 1776485033998,105787064,17884576,17884576,90257408,Phase 5
[monitor_data] 1776485034442,105801400,17883133,17883133,90257408,Phase 5
[monitor_data] 1776485034881,105817784,17888401,17888401,90257408,Phase 5
[monitor_data] 1776485035320,105834168,17890181,17890181,90257408,Phase 5
[monitor_data] 1776485035751,105850552,17891513,17891513,90257408,Phase 5
[monitor_data] 1776485036166,105862840,17894402,17894402,90257408,Phase 5
[monitor_data] 1776485036596,105879224,17892195,17892195,90257408,Phase 5
[monitor_data] 1776485037030,105895608,17889419,17889419,90257408,Phase 5
[monitor_data] 1776485037441,105909944,17883707,17883707,90257408,Phase 5
[monitor_data] 1776485037860,105926328,17882670,17882670,90257408,Phase 5
[monitor_data] 1776485038263,105940664,17880910,17880910,90257408,Phase 5
[monitor_data] 1776485038657,105957048,17879997,17879997,90257408,Phase 5
[monitor_data] 1776485039093,105969336,17878320,17878320,90257408,Phase 5
[monitor_data] 1776485039521,105985720,17873932,17873932,90257408,Phase 5
[monitor_data] 1776485039939,106002104,17876827,17876827,90257408,Phase 5
[monitor_data] 1776485040366,106020536,17873872,17873872,90257408,Phase 5
[monitor_data] 1776485040789,106032824,17873506,17873506,90257408,Phase 5
[monitor_data] 1776485041210,106049208,17872403,17872403,90257408,Phase 5
[monitor_data] 1776485041638,106063544,17869989,17869989,90257408,Phase 5
[monitor_data] 1776485042063,106079928,17871199,17871199,90257408,Phase 5
[monitor_data] 1776485042489,106092216,17874459,17874459,90257408,Phase 5
[monitor_data] 1776485042945,106112696,17877348,17877348,90257408,Phase 5
[monitor_data] 1776485043369,106127032,17874665,17874665,90257408,Phase 5
[monitor_data] 1776485043787,106141368,17873804,17873804,90257408,Phase 5
[monitor_data] 1776485044218,106157752,17871223,17871223,90257408,Phase 5
[monitor_data] 1776485044651,106174136,17869454,17869454,90257408,Phase 5
[monitor_data] 1776485045062,106188472,17870687,17870687,90257408,Phase 5
[monitor_data] 1776485045474,106202808,17869364,17869364,90257408,Phase 5
[monitor_data] 1776485045933,106219192,17870385,17870385,90257408,Phase 5
[monitor_data] 1776485046373,106237624,17869412,17869412,90257408,Phase 5
[monitor_data] 1776485046803,106251960,17868748,17868748,90257408,Phase 5
[monitor_data] 1776485047214,106266296,17871936,17871936,90257408,Phase 5
[monitor_data] 1776485047664,106282680,17880100,17880100,90257408,Phase 5
[monitor_data] 1776485048092,106299064,17878922,17878922,90257408,Phase 5
[monitor_data] 1776485048521,106313400,17874866,17874866,90257408,Phase 5
[monitor_data] 1776485048964,106329784,17867601,17867601,90257408,Phase 5
[monitor_data] 1776485049378,106342072,17866630,17866630,90257408,Phase 5
[monitor_data] 1776485049787,106342072,17866630,17866630,90257408,Phase 5
[monitor_data] 1776485050211,106342072,17866630,17866630,90257408,Phase 5
[monitor_data] 1776485050672,106342072,17866630,17866630,90257408,Phase 5
[monitor_data] 1776485051117,106342072,17866630,17866630,90257408,Phase 5
[monitor_data] 1776485051552,106342072,17866630,17866630,90257408,Phase 5
[monitor_data] 1776485051991,106342072,17866630,17866630,90257408,Phase 5
[monitor_data] 1776485052439,106342072,17866630,17866630,90257408,Phase 5
[monitor_data] 1776485052863,106342072,17866630,17866630,90257408,Phase 5
[monitor_data] 1776485053310,106342072,17866630,17866630,90257408,Phase 5
[monitor_data] 1776485053740,106342072,17866630,17866630,90257408,Phase 5
[monitor_data] 1776485054184,106342072,17866630,17866630,90257408,Phase 5
[monitor_data] 1776485054620,106342072,17866630,17866630,90257408,Phase 5
[monitor_data] 1776485055060,106342072,17866630,17866630,90257408,Phase 5
[monitor_data] 1776485055485,106342072,17866630,17866630,90257408,Phase 5
[monitor_data] 1776485055913,106342072,17866630,17866630,90257408,Phase 5
[monitor_data] 1776485056359,106342072,17866630,17866630,90257408,Phase 5
[monitor_data] 1776485056802,106342072,17866630,17866630,90257408,Phase 5
[monitor_data] 1776485057238,106342072,17866630,17866630,90257408,Phase 5
[monitor_data] 1776485057692,106342072,17866630,17866630,90257408,Phase 5
[monitor_data] 1776485058122,106342072,17866630,17866630,90257408,Phase 5
[monitor_data] 1776485058567,106342072,17866630,17866630,90257408,Phase 5
[monitor_data] 1776485059003,106342072,17866630,17866630,90257408,Phase 5
[monitor_data] 1776485059420,106342072,17866630,17866630,90257408,Phase 5
[monitor_data] 1776485059872,106342072,17866630,17866630,90257408,Phase 5
[monitor_data] 1776485060292,106342072,17866630,17866630,90257408,Phase 5
[monitor_data] 1776485060706,106342072,17866630,17866630,90257408,Phase 5
[monitor_data] 1776485061141,106342072,17866630,17866630,90257408,Phase 5
[monitor_data] 1776485061574,106342072,17866630,17866630,90257408,Phase 5
[monitor_data] 1776485062042,106342072,17866630,17866630,90257408,Phase 5
[monitor_data] 1776485062521,106342072,17866630,17866630,90257408,Phase 5
[monitor_data] 1776485062977,106342072,17866630,17866630,90257408,Phase 5
[monitor_data] 1776485063421,106342072,17866630,17866630,90257408,Phase 5
[monitor_data] 1776485063837,106342072,17866630,17866630,90257408,Phase 5
[monitor_data] 1776485064301,106342072,17866630,17866630,90257408,Phase 5
[monitor_data] 1776485064741,106342072,17866630,17866630,90257408,Phase 5
[monitor_data] 1776485065170,106342072,17866630,17866630,90257408,Phase 5
[monitor_data] 1776485065622,106342072,17866630,17866630,90257408,Phase 5
[monitor_data] 1776485066080,106342072,17866630,17866630,90257408,Phase 5
[monitor_data] 1776485066535,106342072,17866630,17866630,90257408,Phase 5
[monitor_data] 1776485066999,106342072,17866630,17866630,90257408,Phase 5
[monitor_data] 1776485067453,106342072,17866630,17866630,90257408,Phase 5
[monitor_data] 1776485067893,106342072,17866630,17866630,90257408,Phase 5
[monitor_data] 1776485068325,106342072,17866630,17866630,90257408,Phase 5
[monitor_data] 1776485068731,106342072,17866630,17866630,90257408,Phase 5
[monitor_data] 1776485069140,106342072,17866630,17866630,90257408,Phase 5
[monitor_data] 1776485069574,106342072,17866630,17866630,90257408,Phase 5
[monitor_data] 1776485070000,106342072,17866630,17866630,90257408,Phase 5
[monitor_data] 1776485070421,106342072,17866630,17866630,90257408,Phase 5
[monitor_data] 1776485070857,106342072,17866630,17866630,90257408,Phase 5
[monitor_data] 1776485071264,106342072,17866630,17866630,90257408,Phase 5
[monitor_data] 1776485071697,106342072,17866630,17866630,90257408,Phase 5
[monitor_data] 1776485072106,106342072,17866630,17866630,90257408,Phase 5
[monitor_data] 1776485072541,106342072,17866630,17866630,90257408,Phase 5
[monitor_data] 1776485072996,106342072,17866630,17866630,90257408,Phase 5
[monitor_data] 1776485073435,106342072,17866630,17866630,90257408,Phase 5
[monitor_data] 1776485073909,106342072,17866630,17866630,90257408,Phase 5
[monitor_data] 1776485074328,106342072,17866630,17866630,90257408,Phase 5
[monitor_data] 1776485074759,106342072,17866630,17866630,90257408,Phase 5
[monitor_data] 1776485075224,106342072,17866630,17866630,90257408,Phase 5
[monitor_data] 1776485075653,106342072,17866630,17866630,90257408,Phase 5
[monitor_data] 1776485076089,106342072,17866630,17866630,90257408,Phase 5
[monitor_data] 1776485076523,106342072,17866630,17866630,90257408,Phase 5
[monitor_data] 1776485076937,106342072,17866630,17866630,90257408,Phase 5
[monitor_data] 1776485077383,106342072,17866630,17866630,90257408,Phase 5
[monitor_data] 1776485077823,106342072,17866630,17866630,90257408,Phase 5
[monitor_data] 1776485078246,106342072,17866630,17866630,90257408,Phase 5
[monitor_data] 1776485078677,106342072,17866630,17866630,90257408,Phase 5
[monitor_data] 1776485079133,106342072,17866630,17866630,90257408,Phase 5
[monitor_data] 1776485079569,106342072,17866630,17866630,90257408,Phase 5
[monitor_data] 1776485079985,106342072,17866630,17866630,90257408,Phase 5
[monitor_data] 1776485080419,106342072,17866630,17866630,90257408,Phase 5
[monitor_data] 1776485080853,106342072,17866630,17866630,90257408,Phase 5
[monitor_data] 1776485081278,106342072,17866630,17866630,90257408,Phase 5
[monitor_data] 1776485081706,106342072,17866630,17866630,90257408,Phase 5
[monitor_data] 1776485082118,106342072,17866630,17866630,90257408,Phase 5
[monitor_data] 1776485082549,106342072,17866630,17866630,90257408,Phase 5
[monitor_data] 1776485082979,106342072,17866630,17866630,90257408,Phase 5
[monitor_data] 1776485083428,106342072,17866630,17866630,90257408,Phase 5
[monitor_data] 1776485083863,106342072,17866630,17866630,90257408,Phase 5
[monitor_data] 1776485084301,106342072,17866630,17866630,90257408,Phase 5
[monitor_data] 1776485084744,106342072,17866630,17866630,90257408,Phase 5
[monitor_data] 1776485085187,106342072,17866630,17866630,90257408,Phase 5
[monitor_data] 1776485085613,106342072,17866630,17866630,90257408,Phase 5
[monitor_data] 1776485086030,106342072,17866630,17866630,90257408,Phase 5
[monitor_data] 1776485086451,106342072,17866630,17866630,90257408,Phase 5
[monitor_data] 1776485086886,106342072,17866630,17866630,90257408,Phase 5
[monitor_data] 1776485087324,106342072,17866630,17866630,90257408,Phase 5
[monitor_data] 1776485087755,106342072,17866630,17866630,90257408,Phase 5
[monitor_data] 1776485088175,106342072,17866630,17866630,90257408,Phase 5
[monitor_data] 1776485088604,106342072,17866630,17866630,90257408,Phase 5
[monitor_data] 1776485089007,106342072,17866630,17866630,90257408,Phase 5
[monitor_data] 1776485089458,106342072,17866630,17866630,90257408,Phase 5
[monitor_data] 1776485089899,106342072,17866630,17866630,90257408,Phase 5
[monitor_data] 1776485090354,106342072,17866630,17866630,90257408,Phase 5
[monitor_data] 1776485090815,106342072,17866630,17866630,90257408,Phase 5
[monitor_data] 1776485091235,106342072,17866630,17866630,90257408,Phase 5
[monitor_data] 1776485091684,106342072,17866630,17866630,90257408,Phase 5
[monitor_data] 1776485092101,106342072,17866630,17866630,90257408,Phase 5
[monitor_data] 1776485092534,106342072,17866630,17866630,90257408,Phase 5
[monitor_data] 1776485092979,106342072,17866630,17866630,90257408,Phase 5
[monitor_data] 1776485093441,106342072,17866630,17866630,90257408,Phase 5
[monitor_data] 1776485093878,106342072,17866630,17866630,90257408,Phase 5
[monitor_data] 1776485094347,106342072,17866630,17866630,90257408,Phase 5
[monitor_data] 1776485094782,106342072,17866630,17866630,90257408,Phase 5
[monitor_data] 1776485095209,106342072,17866630,17866630,90257408,Phase 5
[monitor_data] 1776485095646,106342072,17866630,17866630,90257408,Phase 5
[monitor_data] 1776485096094,106342072,17866630,17866630,90257408,Phase 5
[monitor_data] 1776485096542,106342072,17866630,17866630,90257408,Phase 5
[monitor_data] 1776485096994,106342072,17866630,17866630,90257408,Phase 5
[monitor_data] 1776485097435,106342072,13672326,13672326,90257408,Phase 5
[monitor_data] 1776485097859,103782052,13672326,13672326,90257408,Phase 5
[monitor_data] 1776485098289,103782052,13672326,13672326,90257408,Phase 5
[monitor_data] 1776485098699,103782052,13672326,13672326,90257408,Phase 5
[monitor_data] 1776485099121,103782052,13672326,13672326,90257408,Phase 5
[monitor_data] 1776485099536,103782052,13672326,13672326,90257408,Phase 5
[monitor_data] 1776485099957,103782052,13672326,13672326,90257408,Phase 5
[monitor_data] 1776485100399,103782052,13672326,13672326,90257408,Phase 5
[monitor_data] 1776485100820,103782052,13672326,13672326,90257408,Phase 5
[monitor_data] 1776485101248,103782052,13672326,13672326,90257408,Phase 5
[monitor_data] 1776485101664,103782052,13672326,13672326,90257408,Phase 5
[monitor_data] 1776485102086,103782052,13672326,13672326,90257408,Phase 5
[monitor_data] 1776485102525,103782052,13672326,13672326,90257408,Phase 5
[monitor_data] 1776485102958,103782052,13672326,13672326,90257408,Phase 5
[monitor_data] 1776485103376,103782052,13672326,13672326,90257408,Phase 5
[monitor_data] 1776485103794,103782052,13672326,13672326,90257408,Phase 5
[monitor_data] 1776485104226,103782052,13672326,13672326,90257408,Phase 5
[monitor_data] 1776485104666,103782052,9478023,9478023,90257408,Phase 5
[monitor_data] 1776485105137,100855412,9478023,9478023,90257408,Phase 5
[monitor_data] 1776485105571,100855412,9478023,9478023,90257408,Phase 5
[monitor_data] 1776485106011,100855412,9478023,9478023,90257408,Phase 5
[monitor_data] 1776485106456,100855412,9478023,9478023,90257408,Phase 5
[monitor_data] 1776485106921,100855412,9478023,9478023,90257408,Phase 5
[monitor_data] 1776485107339,100855412,5149964,5149964,85958656,Phase 5
[monitor_data] 1776485107816,97610132,5149964,5149964,85958656,Phase 5
[monitor_data] 1776485108320,97610132,5149964,5149964,85958656,Phase 5
[monitor_data] 1776485108789,97610132,5150274,5150274,85962752,Phase 5
[monitor_data] 1776485109228,97614776,5158151,5158151,85962752,Phase 5
[monitor_data] 1776485109669,97623172,5166620,5166620,85962752,Phase 5
[monitor_data] 1776485110118,97631712,5175207,5175207,85962752,Phase 5
[monitor_data] 1776485110582,97640552,5183842,5183842,85964800,Phase 6
[monitor_data] 1776485111052,97649416,5192367,5192367,85964800,Phase 6
[monitor_data] 1776485111494,97657580,5200301,5200301,85964800,Phase 6
[monitor_data] 1776485111931,97665628,5208085,5208085,85964800,Phase 6
[monitor_data] 1776485112391,97674088,5216656,5216656,85964800,Phase 6
[monitor_data] 1776485112834,97682332,5224722,5224722,85964800,Phase 6
[monitor_data] 1776485113276,97690576,5232869,5232869,85964800,Phase 6
[monitor_data] 1776485113722,97698872,5240807,5240807,85964800,Phase 6
[monitor_data] 1776485114167,97707164,5249353,5249353,85964800,Phase 6
[monitor_data] 1776485114618,97715556,5257428,5257428,85964800,Phase 6
[monitor_data] 1776485115061,97723804,5265385,5265385,85964800,Phase 6
[monitor_data] 1776485115490,97731808,5273299,5273299,85964800,Phase 6
[monitor_data] 1776485115934,97740096,5281547,5281547,85964800,Phase 6
[monitor_data] 1776485116379,97748448,5289670,5289670,85964800,Phase 6
[monitor_data] 1776485116820,97756704,5297821,5297821,85964800,Phase 6
[monitor_data] 1776485117261,97765004,5306012,5306012,85964800,Phase 6
[monitor_data] 1776485117694,97773164,5314039,5314039,85964800,Phase 6
[monitor_data] 1776485118140,97781540,5322266,5322266,85964800,Phase 6
[monitor_data] 1776485118569,97789640,5330321,5330321,85964800,Phase 6
[monitor_data] 1776485119005,97797888,5335655,5335655,85962752,Phase 6
[monitor_data] 1776485119457,97799180,5325145,5325145,85962752,Phase 6
[monitor_data] 1776485119900,97799180,5313240,5313240,85962752,Phase 6
[monitor_data] 1776485120345,97799180,5300131,5300131,85962752,Phase 6
[monitor_data] 1776485120816,97799180,5287420,5287420,85962752,Phase 6
[monitor_data] 1776485121277,97799180,5274210,5274210,85962752,Phase 6
[monitor_data] 1776485121733,97799180,5261520,5261520,85962752,Phase 6
[monitor_data] 1776485122179,97799180,5249152,5249152,85962752,Phase 6
[monitor_data] 1776485122638,97799180,5236796,5236796,85962752,Phase 6
[monitor_data] 1776485123056,97799180,5224638,5224638,85962752,Phase 6
[monitor_data] 1776485123508,97799180,5212084,5212084,85962752,Phase 6
[monitor_data] 1776485123944,97799180,5200188,5200188,85962752,Phase 6
[monitor_data] 1776485124369,97799180,5188304,5188304,85962752,Phase 6
[monitor_data] 1776485124787,97799180,5176621,5176621,85962752,Phase 6
[monitor_data] 1776485125206,97799180,5164556,5164556,85962752,Phase 6
[monitor_data] 1776485125637,97799180,5152454,5152454,85962752,Phase 6
[monitor_data] 1776485126073,97799192,5158342,5158342,85962752,Phase 6
[monitor_data] 1776485126482,97799192,5166142,5166142,85962752,Phase 6
[monitor_data] 1776485126894,97799192,5176099,5176099,85962752,Phase 6
[monitor_data] 1776485127302,97799192,5185605,5185605,85962752,Phase 6
[monitor_data] 1776485127731,97799192,5197191,5197191,85962752,Phase 6
[monitor_data] 1776485128143,97799192,5205270,5205270,85962752,Phase 6
[monitor_data] 1776485128554,97799192,5213243,5213243,85962752,Phase 6
[monitor_data] 1776485128975,97799192,5225652,5225652,85962752,Phase 6
[monitor_data] 1776485129444,97799192,5235778,5235778,85962752,Phase 6
[monitor_data] 1776485129882,97799192,5246155,5246155,85962752,Phase 6
[monitor_data] 1776485130319,97799192,5255306,5255306,85962752,Phase 6
[monitor_data] 1776485130737,97799192,5264263,5264263,85962752,Phase 6
[monitor_data] 1776485131177,97799192,5272047,5272047,85962752,Phase 6
[monitor_data] 1776485131594,97799192,5284371,5284371,85962752,Phase 6
[monitor_data] 1776485132030,97799192,5296626,5296626,85962752,Phase 6
[monitor_data] 1776485132461,97799192,5307309,5307309,85962752,Phase 6
[monitor_data] 1776485132875,97799192,5315403,5315403,85962752,Phase 6
[monitor_data] 1776485133307,97799192,5325151,5325151,85962752,Phase 6
[monitor_data] 1776485133743,97799192,5335378,5335378,85962752,Phase 6
[monitor_data] 1776485134155,97799192,5347113,5347113,85962752,Phase 6
[monitor_data] 1776485134581,97799192,5358514,5358514,85962752,Phase 6
[monitor_data] 1776485135014,97799192,5369656,5369656,85962752,Phase 6
[monitor_data] 1776485135468,97799192,5378179,5378179,85962752,Phase 6
[monitor_data] 1776485135925,97799192,5386039,5386039,85962752,Phase 6
[monitor_data] 1776485136368,97806672,5393964,5393964,85962752,Phase 6
[monitor_data] 1776485136805,97814728,5402192,5402192,85962752,Phase 6
[monitor_data] 1776485137263,97823308,5410605,5410605,85962752,Phase 6
[monitor_data] 1776485137726,97831964,5419216,5419216,85962752,Phase 6
[monitor_data] 1776485138180,97840404,5427412,5427412,85962752,Phase 6
[monitor_data] 1776485138635,97848804,5435893,5435893,85962752,Phase 6
[monitor_data] 1776485139104,97857552,5444081,5444081,85962752,Phase 6
[monitor_data] 1776485139545,97865776,5452462,5452462,85962752,Phase 6
[monitor_data] 1776485139982,97873928,5460186,5460186,85962752,Phase 6
[monitor_data] 1776485140413,97881976,5468499,5468499,85962752,Phase 6
[monitor_data] 1776485140883,97890720,5476770,5476770,85962752,Phase 6
[monitor_data] 1776485141332,97899020,5485055,5485055,85962752,Phase 6
[monitor_data] 1776485141765,97907104,5492722,5492722,85962752,Phase 6
[monitor_data] 1776485142185,97914760,5500647,5500647,85962752,Phase 6
[monitor_data] 1776485142623,97922908,5508437,5508437,85962752,Phase 6
[monitor_data] 1776485143041,97930608,5515894,5515894,85962752,Phase 6
[monitor_data] 1776485143458,97938376,5523795,5523795,85962752,Phase 6
[monitor_data] 1776485143892,97946436,5531559,5531559,85962752,Phase 6
[monitor_data] 1776485144308,97954192,5539142,5539142,85962752,Phase 6
[monitor_data] 1776485144731,97962072,5547067,5547067,85962752,Phase 6
[monitor_data] 1776485145166,97970096,5554827,5554827,85962752,Phase 6
[monitor_data] 1776485145586,97977812,5562579,5562579,85962752,Phase 6
[monitor_data] 1776485146018,97985844,5570614,5570614,85962752,Phase 6
[monitor_data] 1776485146471,97994204,5578769,5578769,85962752,Phase 6
[monitor_data] 1776485146903,98002220,5586811,5586811,85962752,Phase 6
[monitor_data] 1776485147356,98010576,5594773,5594773,85962752,Phase 6
[monitor_data] 1776485147780,98018396,5602404,5602404,85962752,Phase 6
[monitor_data] 1776485148207,98026292,5610160,5610160,85962752,Phase 6
[monitor_data] 1776485148638,98034224,5618041,5618041,85962752,Phase 6
[monitor_data] 1776485149069,98042164,5625753,5625753,85962752,Phase 6
[monitor_data] 1776485149479,98049720,5633114,5633114,85962752,Phase 6
[monitor_data] 1776485149893,98057312,5640709,5640709,85962752,Phase 6
[monitor_data] 1776485150325,98065232,5648598,5648598,85962752,Phase 6
[monitor_data] 1776485150748,98072956,5656012,5656012,85962752,Phase 6
[monitor_data] 1776485151185,98081088,5664494,5664494,85962752,Phase 6
[monitor_data] 1776485151622,98089252,5672649,5672649,85962752,Phase 6
[monitor_data] 1776485152087,98097776,5680506,5680506,85962752,Phase 6
[monitor_data] 1776485152519,98105728,5688415,5688415,85962752,Phase 6
[monitor_data] 1776485152956,98113852,5696594,5696594,85962752,Phase 6
[monitor_data] 1776485153387,98118420,5697344,5697344,85962752,Phase 6
[monitor_data] 1776485154870,98121692,5704447,5704447,85962752,Phase 6
[monitor_data] 1776485155304,98129808,5712353,5712353,85962752,Phase 6
[monitor_data] 1776485155767,98138400,5720862,5720862,85962752,Phase 6
[monitor_data] 1776485156218,98146740,5728945,5728945,85962752,Phase 6
[monitor_data] 1776485156645,98154764,5736959,5736959,85962752,Phase 6
[monitor_data] 1776485157069,98162728,5744836,5744836,85962752,Phase 6
[monitor_data] 1776485157520,98171196,5752963,5752963,85962752,Phase 6
[monitor_data] 1776485157971,98179640,5761328,5761328,85962752,Phase 6
[monitor_data] 1776485158422,98187968,5769572,5769572,85962752,Phase 6
[monitor_data] 1776485158871,98196272,5777627,5777627,85962752,Phase 6
[monitor_data] 1776485159318,98204524,5785580,5785580,85962752,Phase 6
[monitor_data] 1776485159733,98212148,5793554,5793554,85962752,Phase 6
[monitor_data] 1776485160179,98220396,5801605,5801605,85962752,Phase 6
[monitor_data] 1776485160625,98228700,5809610,5809610,85962752,Phase 6
[monitor_data] 1776485161075,98237080,5817891,5817891,85962752,Phase 6
[monitor_data] 1776485161511,98245164,5826022,5826022,85962752,Phase 6
[monitor_data] 1776485161970,98253772,5834576,5834576,85962752,Phase 6
[monitor_data] 1776485162426,98262316,5842913,5842913,85962752,Phase 6
[monitor_data] 1776485162899,98271224,5851444,5851444,85962752,Phase 6
[monitor_data] 1776485163338,98279392,5859279,5859279,85962752,Phase 6
[monitor_data] 1776485163748,98286944,5867064,5867064,85962752,Phase 6
[monitor_data] 1776485164184,98294992,5874969,5874969,85962752,Phase 6
[monitor_data] 1776485164632,98303208,5883217,5883217,85962752,Phase 6
[monitor_data] 1776485165068,98311340,5891231,5891231,85962752,Phase 6
[monitor_data] 1776485165511,98319668,5899189,5899189,85962752,Phase 6
[monitor_data] 1776485165943,98327720,5907122,5907122,85962752,Phase 6
[monitor_data] 1776485166385,98335896,5915084,5915084,85962752,Phase 6
[monitor_data] 1776485166801,98343604,5922570,5922570,85962752,Phase 6
[monitor_data] 1776485167212,98351176,5930100,5930100,85962752,Phase 6
[monitor_data] 1776485167640,98359132,5937929,5937929,85962752,Phase 6
[monitor_data] 1776485168064,98366988,5945697,5945697,85962752,Phase 6
[monitor_data] 1776485168490,98374832,5953264,5953264,85962752,Phase 6
[monitor_data] 1776485168920,98382780,5961169,5961169,85962752,Phase 6
[monitor_data] 1776485169334,98390392,5968692,5968692,85962752,Phase 6
[monitor_data] 1776485169769,98398444,5976633,5976633,85962752,Phase 6
[monitor_data] 1776485170195,98406404,5984530,5984530,85962752,Phase 6
[monitor_data] 1776485170629,98414444,5992468,5992468,85962752,Phase 6
[monitor_data] 1776485171071,98422624,6000506,6000506,85962752,Phase 6
[monitor_data] 1776485171497,98430472,6008162,6008162,85962752,Phase 6
[monitor_data] 1776485171912,98438132,6015656,6015656,85962752,Phase 6
[monitor_data] 1776485172342,98446076,6023597,6023597,85962752,Phase 6
[monitor_data] 1776485172785,98454276,6031777,6031777,85962752,Phase 6
[monitor_data] 1776485173211,98462260,6039388,6039388,85962752,Phase 6
[monitor_data] 1776485173620,98469864,6046950,6046950,85962752,Phase 6
[monitor_data] 1776485174038,98477552,6054517,6054517,85962752,Phase 6
[monitor_data] 1776485174468,98485520,6062459,6062459,85962752,Phase 6
[monitor_data] 1776485174885,98493224,6070235,6070235,85962752,Phase 6
[monitor_data] 1776485175352,98501836,6078523,6078523,85962752,Phase 6
[monitor_data] 1776485175795,98509972,6086546,6086546,85962752,Phase 6
[monitor_data] 1776485176237,98518240,6094684,6094684,85962752,Phase 6
[monitor_data] 1776485176669,98526340,6102719,6102719,85962752,Phase 6
[monitor_data] 1776485177091,98534184,6110644,6110644,85962752,Phase 6
[monitor_data] 1776485177535,98542456,6119005,6119005,85962752,Phase 6
[monitor_data] 1776485177977,98550816,6126648,6126648,85962752,Phase 6
[monitor_data] 1776485178425,98559128,6135010,6135010,85962752,Phase 6
[monitor_data] 1776485178851,98567040,6142668,6142668,85962752,Phase 6
[monitor_data] 1776485179290,98575164,6151106,6151106,85962752,Phase 6
[monitor_data] 1776485179734,98583424,6158866,6158866,85962752,Phase 6
[monitor_data] 1776485180163,98591368,6167126,6167126,85962752,Phase 6
[monitor_data] 1776485180621,98599948,6175104,6175104,85962752,Phase 6
[monitor_data] 1776485181042,98607796,6183275,6183275,85962752,Phase 6
[monitor_data] 1776485181487,98616148,6191137,6191137,85962752,Phase 6
[monitor_data] 1776485181929,98624336,6199057,6199057,85962752,Phase 6
[monitor_data] 1776485182346,98632036,6206685,6206685,85962752,Phase 6
[monitor_data] 1776485182773,98639888,6214751,6214751,85962752,Phase 6
[monitor_data] 1776485183224,98647800,6218641,6218641,85962752,Phase 6
[monitor_data] 1776485184840,98651304,6225515,6225515,85962752,Phase 6
[monitor_data] 1776485185250,98658860,6233073,6233073,85962752,Phase 6
[monitor_data] 1776485185681,98666888,6241083,6241083,85962752,Phase 6
[monitor_data] 1776485186101,98674652,6248682,6248682,85962752,Phase 6
[monitor_data] 1776485186522,98682488,6255823,6255823,85962752,Phase 6
[monitor_data] 1776485186927,98689976,6263775,6263775,85962752,Phase 6
[monitor_data] 1776485187358,98697968,6272031,6272031,85962752,Phase 6
[monitor_data] 1776485187777,98705712,6282488,6282488,85962752,Phase 6
[monitor_data] 1776485188224,98714020,6288962,6288962,85962752,Phase 6
[monitor_data] 1776485188642,98721692,6295735,6295735,85962752,Phase 6
[monitor_data] 1776485189062,98729432,6308905,6308905,85962752,Phase 6
[monitor_data] 1776485189485,98737252,6317749,6317749,85962752,Phase 6
[monitor_data] 1776485189913,98745164,6326271,6326271,85962752,Phase 6
[monitor_data] 1776485190359,98753408,6335958,6335958,85962752,Phase 6
[monitor_data] 1776485190781,98761176,6348213,6348213,85962752,Phase 6
[monitor_data] 1776485191245,98769760,6361578,6361578,85962752,Phase 6
[monitor_data] 1776485191684,98777888,6370379,6370379,85962752,Phase 6
[monitor_data] 1776485192127,98786100,6382645,6382645,85962752,Phase 6
[monitor_data] 1776485192552,98793948,6391659,6391659,85962752,Phase 6
[monitor_data] 1776485192971,98801628,6401089,6401089,85962752,Phase 6
[monitor_data] 1776485193413,98809804,6410457,6410457,85962752,Phase 6
[monitor_data] 1776485193851,98817888,6416931,6416931,85962752,Phase 6
[monitor_data] 1776485194286,98825936,6423276,6423276,85962752,Phase 6
[monitor_data] 1776485194740,98834340,6428537,6428537,85962752,Phase 6
[monitor_data] 1776485195197,98842808,6433625,6433625,85962752,Phase 6
[monitor_data] 1776485195628,98850736,6440986,6440986,85962752,Phase 6
[monitor_data] 1776485196067,98858856,6454281,6454281,85962752,Phase 6
[monitor_data] 1776485196506,98866984,6463536,6463536,85962752,Phase 6
[monitor_data] 1776485196926,98874716,6471180,6471180,85962752,Phase 6
[monitor_data] 1776485197345,98882456,6479222,6479222,85962752,Phase 6
[monitor_data] 1776485197763,98890144,6491010,6491010,85962752,Phase 6
[monitor_data] 1776485198195,98898088,6502922,6502922,85962752,Phase 6
[monitor_data] 1776485198619,98905872,6516549,6516549,85962752,Phase 6
[monitor_data] 1776485199070,98914104,6526836,6526836,85962752,Phase 6
[monitor_data] 1776485199523,98922492,6537100,6537100,85962752,Phase 6
[monitor_data] 1776485199948,98930372,6545658,6545658,85962752,Phase 6
[monitor_data] 1776485200388,98938496,6554699,6554699,85962752,Phase 6
[monitor_data] 1776485200815,98946380,6561274,6561274,85962752,Phase 6
[monitor_data] 1776485201245,98954336,6571155,6571155,85962752,Phase 6
[monitor_data] 1776485201665,98962084,6584212,6584212,85962752,Phase 6
[monitor_data] 1776485202087,98969880,6593726,6593726,85962752,Phase 6
[monitor_data] 1776485202521,98977880,6605356,6605356,85962752,Phase 6
[monitor_data] 1776485202959,98986032,6613503,6613503,85962752,Phase 6
[monitor_data] 1776485203379,98993748,6619191,6619191,85962752,Phase 6
[monitor_data] 1776485203812,99001740,6625435,6625435,85962752,Phase 6
[monitor_data] 1776485204262,99010120,6635864,6635864,85962752,Phase 6
[monitor_data] 1776485204687,99017940,6649087,6649087,85962752,Phase 6
[monitor_data] 1776485205124,99026008,6662261,6662261,85962752,Phase 6
[monitor_data] 1776485205583,99034500,6673798,6673798,85962752,Phase 6
[monitor_data] 1776485206032,99042812,6687065,6687065,85962752,Phase 6
[monitor_data] 1776485206456,99053060,6697107,6697107,85962752,Phase 6
[monitor_data] 1776485206887,99063064,6705984,6705984,85962752,Phase 6
[monitor_data] 1776485207332,99073280,6717977,6717977,85962752,Phase 6
[monitor_data] 1776485207775,99086968,6729946,6729946,85962752,Phase 6
[monitor_data] 1776485208201,99095516,6737206,6737206,85962752,Phase 6
[monitor_data] 1776485208646,99104716,6744103,6744103,85962752,Phase 6
[monitor_data] 1776485209073,99112720,6750066,6750066,85962752,Phase 6
[monitor_data] 1776485209509,99120804,6755999,6755999,85962752,Phase 6
[monitor_data] 1776485209956,99129096,6761659,6761659,85962752,Phase 6
[monitor_data] 1776485210397,99137304,6768694,6768694,85962752,Phase 6
[monitor_data] 1776485210822,99146096,6779550,6779550,85962752,Phase 6
[monitor_data] 1776485211258,99158188,6792265,6792265,85962752,Phase 6
[monitor_data] 1776485211686,99169972,6803181,6803181,85962752,Phase 6
[monitor_data] 1776485212135,99182672,6816795,6816795,85962752,Phase 6
[monitor_data] 1776485212593,99194628,6828506,6828506,85962752,Phase 6
[monitor_data] 1776485213060,99203728,6832980,6832980,85962752,Phase 6
[monitor_data] 1776485214868,99209492,6833541,6833541,85962752,Phase 6
[monitor_data] 1776485215289,99217160,6838528,6838528,85962752,Phase 6
[monitor_data] 1776485215732,99225268,6842926,6842926,85962752,Phase 6
[monitor_data] 1776485216180,99233436,6854221,6854221,85962752,Phase 6
[monitor_data] 1776485216602,99242512,6864726,6864726,85962752,Phase 6
[monitor_data] 1776485217021,99252864,6875369,6875369,85962752,Phase 6
[monitor_data] 1776485217451,99264352,6884895,6884895,85962752,Phase 6
[monitor_data] 1776485217878,99272828,6893103,6893103,85962752,Phase 6
[monitor_data] 1776485218318,99284908,6906454,6906454,85962752,Phase 6
[monitor_data] 1776485218760,99296808,6912610,6912610,85962752,Phase 6
[monitor_data] 1776485219207,99305156,6920600,6920600,85962752,Phase 6
[monitor_data] 1776485219650,99315772,6932597,6932597,85962752,Phase 6
[monitor_data] 1776485220081,99325056,6940945,6940945,85962752,Phase 6
[monitor_data] 1776485220522,99333240,6948714,6948714,85962752,Phase 6
[monitor_data] 1776485220969,99341524,6956990,6956990,85962752,Phase 6
[monitor_data] 1776485221393,99349348,6969035,6969035,85962752,Phase 6
[monitor_data] 1776485221860,99357928,6974868,6974868,85962752,Phase 6
[monitor_data] 1776485222286,99365820,6980076,6980076,85962752,Phase 6
[monitor_data] 1776485222704,99373488,6986422,6986422,85962752,Phase 6
[monitor_data] 1776485223119,99381152,6991014,6991014,85962752,Phase 6
[monitor_data] 1776485223573,99389612,6997181,6997181,85962752,Phase 6
[monitor_data] 1776485224008,99397628,7008183,7008183,85962752,Phase 6
[monitor_data] 1776485224451,99405820,7018490,7018490,85962752,Phase 6
[monitor_data] 1776485224904,99414140,7029758,7029758,85962752,Phase 6
[monitor_data] 1776485225346,99422348,7040223,7040223,85962752,Phase 6
[monitor_data] 1776485225777,99430284,7051107,7051107,85962752,Phase 6
[monitor_data] 1776485226214,99438352,7061190,7061190,85962752,Phase 6
[monitor_data] 1776485226645,99446356,7068869,7068869,85962752,Phase 6
[monitor_data] 1776485227070,99453100,7074275,7074275,85962752,Phase 6
[monitor_data] 1776485227504,99453100,7075936,7075936,85962752,Phase 6
[monitor_data] 1776485227958,99455172,7081632,7081632,85962752,Phase 6
[monitor_data] 1776485228406,99463468,7089460,7089460,85962752,Phase 6
[monitor_data] 1776485228850,99471680,7099043,7099043,85962752,Phase 6
[monitor_data] 1776485229278,99479604,7108520,7108520,85962752,Phase 6
[monitor_data] 1776485229711,99487976,7116990,7116990,85962752,Phase 6
[monitor_data] 1776485230150,99498260,7125045,7125045,85962752,Phase 6
[monitor_data] 1776485230585,99508108,7131507,7131507,85962752,Phase 6
[monitor_data] 1776485231018,99512996,7136469,7136469,85962752,Phase 6
[monitor_data] 1776485231457,99517004,7138364,7138364,85962752,Phase 6
[monitor_data] 1776485231923,99521272,7143048,7143048,85962752,Phase 6
[monitor_data] 1776485232392,99526132,7148087,7148087,85962752,Phase 6
[monitor_data] 1776485232840,99530008,7150465,7150465,85962752,Phase 6
[monitor_data] 1776485233284,99531724,7150103,7150103,85962752,Phase 6
[monitor_data] 1776485233704,99532944,7149522,7149522,85962752,Phase 6
[monitor_data] 1776485234132,99533236,7147120,7147120,85962752,Phase 6
[monitor_data] 1776485234566,99533256,7144927,7144927,85962752,Phase 6
[monitor_data] 1776485235010,99533256,7141387,7141387,85962752,Phase 6
[monitor_data] 1776485235481,99533256,7140787,7140787,85962752,Phase 6
[monitor_data] 1776485235940,99534972,7146204,7146204,85962752,Phase 6
[monitor_data] 1776485236369,99540256,7151901,7151901,85962752,Phase 6
[monitor_data] 1776485236816,99545960,7157448,7157448,85962752,Phase 6
[monitor_data] 1776485237248,99551596,7162789,7162789,85962752,Phase 6
[monitor_data] 1776485237692,99557004,7167199,7167199,85962752,Phase 6
[monitor_data] 1776485238135,99561320,7171916,7171916,85962752,Phase 6
[monitor_data] 1776485238578,99565676,7175927,7175927,85962752,Phase 6
[monitor_data] 1776485239019,99569580,7180277,7180277,85962752,Phase 6
[monitor_data] 1776485239475,99574288,7184969,7184969,85962752,Phase 6
[monitor_data] 1776485239908,99579180,7189920,7189920,85962752,Phase 6
[monitor_data] 1776485240348,99583872,7192967,7192967,85962752,Phase 6
[monitor_data] 1776485240771,99586128,7171125,7171125,85962752,Phase 6
[monitor_data] 1776485241216,99586128,7155870,7155870,85962752,Phase 6
[monitor_data] 1776485241652,99586128,7141019,7141019,85962752,Phase 6
[monitor_data] 1776485242094,99586128,7129022,7129022,85962752,Phase 6
[monitor_data] 1776485242530,99586128,7118053,7118053,85962752,Phase 6
[monitor_data] 1776485242951,99586128,7110184,7110184,85962752,Phase 6
[monitor_data] 1776485243378,99586524,7110692,7110692,85962752,Phase 6
[monitor_data] 1776485244854,99586728,7101453,7101453,85962752,Phase 6
[monitor_data] 1776485245275,99586728,7095220,7095220,85962752,Phase 6
[monitor_data] 1776485245705,99586728,7083836,7083836,85962752,Phase 6
[monitor_data] 1776485246134,99586728,7059995,7059995,85962752,Phase 6
[monitor_data] 1776485246550,99586728,7050872,7050872,85962752,Phase 6
[monitor_data] 1776485246967,99586728,7039859,7039859,85962752,Phase 6
[monitor_data] 1776485247392,99586728,7028837,7028837,85962752,Phase 6
[monitor_data] 1776485247795,99586728,7018429,7018429,85962752,Phase 6
[monitor_data] 1776485248211,99586728,7014837,7014837,85962752,Phase 6
[monitor_data] 1776485248612,99586728,7016010,7016010,85962752,Phase 6
[monitor_data] 1776485249052,99587436,7012451,7012451,85962752,Phase 6
[monitor_data] 1776485249482,99587764,7000611,7000611,85962752,Phase 6
[monitor_data] 1776485249902,99587764,6989565,6989565,85962752,Phase 6
[monitor_data] 1776485250316,99587764,6982414,6982414,85962752,Phase 6
[monitor_data] 1776485250755,99587764,6971030,6971030,85962752,Phase 6
[monitor_data] 1776485251212,99587764,6963169,6963169,85962752,Phase 6
[monitor_data] 1776485251641,99587764,6952671,6952671,85962752,Phase 6
[monitor_data] 1776485252078,99586108,6944387,6944387,85962752,Phase 6
[monitor_data] 1776485252516,99586108,6936030,6936030,85962752,Phase 6
[monitor_data] 1776485252954,99586108,6926194,6926194,85962752,Phase 6
[monitor_data] 1776485253397,99586108,6914423,6914423,85962752,Phase 6
[monitor_data] 1776485253847,99586108,6906622,6906622,85962752,Phase 6
[monitor_data] 1776485254277,99586108,6896569,6896569,85962752,Phase 6
[monitor_data] 1776485254732,99586108,6886337,6886337,85962752,Phase 6
[monitor_data] 1776485255182,99586108,6876440,6876440,85962752,Phase 6
[monitor_data] 1776485255635,99586108,6880931,6880931,85962752,Phase 6
[monitor_data] 1776485256081,99587172,6885478,6885478,85962752,Phase 6
[monitor_data] 1776485256511,99588688,6886143,6886143,85962752,Phase 6
[monitor_data] 1776485256948,99589308,6884713,6884713,85962752,Phase 6
[monitor_data] 1776485257398,99589308,6883088,6883088,85962752,Phase 6
[monitor_data] 1776485257842,99589308,6878460,6878460,85962752,Phase 6
[monitor_data] 1776485258301,99586108,6866745,6866745,85962752,Phase 6
[monitor_data] 1776485258745,99586108,6855361,6855361,85962752,Phase 6
[monitor_data] 1776485259186,99586108,6853103,6853103,85962752,Phase 6
[monitor_data] 1776485259647,99586108,6841380,6841380,85962752,Phase 6
[monitor_data] 1776485260101,99586108,6834096,6834096,85962752,Phase 6
[monitor_data] 1776485260549,99586108,6826682,6826682,85962752,Phase 6
[monitor_data] 1776485260997,99586108,6830170,6830170,85962752,Phase 6
[monitor_data] 1776485261452,99586108,6831786,6831786,85962752,Phase 6
[monitor_data] 1776485261906,99588672,6837534,6837534,85962752,Phase 6
[monitor_data] 1776485262343,99590624,6842195,6842195,85962752,Phase 6
[monitor_data] 1776485262780,99594664,6845609,6845609,85962752,Phase 6
[monitor_data] 1776485263219,99596932,6849028,6849028,85962752,Phase 6
[monitor_data] 1776485263662,99600552,6851926,6851926,85962752,Phase 6
[monitor_data] 1776485264116,99602612,6852733,6852733,85962752,Phase 6
[monitor_data] 1776485264594,99603736,6852539,6852539,85962752,Phase 6
[monitor_data] 1776485265046,99604272,6851995,6851995,85962752,Phase 6
[monitor_data] 1776485265494,99605636,6855647,6855647,0,Phase 6
[monitor_data] 1776485265933,,0,0,0,Phase 6
[monitor_data] 1776485266351,,0,0,0,Phase 6
[monitor_data] 1776485266740,,0,0,0,Phase 6
[monitor_data] 1776485267143,,0,0,0,Phase 6
[monitor_data] 1776485267551,,0,0,0,Phase 6
[monitor_data] 1776485267975,,0,0,0,Phase 6
[monitor_data] 1776485268374,,0,0,0,Phase 6
[monitor_data] 1776485268788,,0,0,0,Phase 6
[monitor_data] 1776485269214,,0,0,0,Phase 6
[monitor_data] 1776485269623,,0,0,0,Phase 6
[monitor_data] 1776485270036,,0,0,0,Phase 6
[monitor_data] 1776485270442,,0,0,0,Phase 6
[monitor_data] 1776485270864,,0,0,0,Phase 6
[monitor_data] 1776485271283,,0,0,0,Phase 6
[monitor_data] 1776485271687,,0,0,0,Phase 6
[monitor_data] 1776485272088,,0,0,0,Phase 6
[monitor_data] 1776485272490,,0,0,0,Phase 6
[monitor_data] 1776485272890,,0,0,0,Phase 6
[monitor_data] 1776485273303,,0,0,0,Phase 6
[monitor_data] 1776485273709,,0,0,0,Phase 6
[monitor_data] 1776485274099,,0,0,0,Phase 6
[monitor_data] 1776485274506,,0,0,0,Phase 6
[monitor_data] 1776485274917,,0,0,0,Phase 6
[monitor_data] 1776485275315,,0,0,0,Phase 6
[monitor_data] 1776485275715,,0,0,0,Phase 6
[monitor_data] 1776485276119,,0,0,0,Phase 6
[monitor_data] 1776485276533,,0,0,0,Phase 6
[monitor_data] 1776485276956,,0,0,0,Phase 6
[monitor_data] 1776485277381,,0,0,0,Phase 6
[monitor_data] 1776485277775,,0,0,0,Phase 6
[monitor_data] 1776485278193,,0,0,0,Phase 6
[monitor_data] 1776485278601,,0,0,0,Phase 6
[monitor_data] 1776485278987,,0,0,0,Phase 6
[monitor_data] 1776485279407,,0,0,0,Phase 6
[monitor_data] 1776485279845,,0,0,0,Phase 6
[monitor_data] 1776485280255,,0,0,0,Phase 6
[monitor_data] 1776485280669,,0,0,0,Phase 6
[monitor_data] 1776485281081,,0,0,0,Phase 6
[monitor_data] 1776485281476,,0,0,0,Phase 6
[monitor_data] 1776485281860,,0,0,0,Phase 6
[monitor_data] 1776485282264,,0,0,0,Phase 6
[monitor_data] 1776485282692,,0,0,0,Phase 6
[monitor_data] 1776485283108,,0,0,0,Phase 6
[monitor_data] 1776485283511,,0,0,0,Phase 6
[monitor_data] 1776485283936,,0,0,0,Phase 6
[monitor_data] 1776485284335,,0,0,0,Phase 6
[monitor_data] 1776485284720,,0,0,0,Phase 6
[monitor_data] 1776485285120,,0,0,0,Phase 6
[monitor_data] 1776485285517,,0,0,0,Phase 6
[monitor_data] 1776485285946,,0,0,0,Phase 6
[monitor_data] 1776485286366,,0,0,0,Phase 6
[monitor_data] 1776485286778,,0,0,0,Phase 6
[monitor_data] 1776485287170,,0,0,0,Phase 6
[monitor_data] 1776485287578,,0,0,0,Phase 6
[monitor_data] 1776485287992,,0,0,0,Phase 6
[monitor_data] 1776485288381,,0,0,0,Phase 6
[monitor_data] 1776485288797,,0,0,0,Phase 6
[monitor_data] 1776485289227,,0,0,0,Phase 6
[monitor_data] 1776485289650,,0,0,0,Phase 6
[monitor_end] Process 3336401 terminated
