[monitor_start] Monitoring PID 474224 at 0.0001s intervals
[monitor_header] timestamp_ms,rss_kb,gc_reserved_kb,gc_committed_kb,heap_kb,phase
[monitor_data] 1776939757811,19296,0,0,63488,
[monitor_data] 1776939785376,99352,28841,28841,114688,
[monitor_data] 1776939785751,163864,29108,29108,1681408,
[monitor_data] 1776939786172,1226948,29108,29108,2072576,Phase 1
[monitor_data] 1776939786571,2121060,29109,29109,2072576,Phase 1
[monitor_data] 1776939786955,2121060,29109,29109,2072576,Phase 1
[monitor_data] 1776939787361,2121060,29109,29109,2072576,Phase 1
[monitor_data] 1776939787761,2121064,29109,29109,2072576,Phase 1
[monitor_data] 1776939788166,2121064,29109,29109,2072576,Phase 1
[monitor_data] 1776939788567,2121064,29109,29109,2463744,Phase 1
[monitor_data] 1776939788951,2323928,29110,29110,2463744,Phase 1
[monitor_data] 1776939789336,2511696,29110,29110,2463744,Phase 1
[monitor_data] 1776939789733,2511696,29110,29110,2463744,Phase 1
[monitor_data] 1776939790107,2511696,29110,29110,2463744,Phase 1
[monitor_data] 1776939790475,2511696,29110,29110,2463744,Phase 1
[monitor_data] 1776939790858,2511696,29110,29110,2463744,Phase 1
[monitor_data] 1776939791253,2511696,29121,29121,2856960,Phase 1
[monitor_data] 1776939791637,2937012,29173,29173,3504128,Phase 1
[monitor_data] 1776939792001,3585172,29227,29227,4214784,Phase 1
[monitor_data] 1776939792385,4296564,29286,29286,4960256,Phase 1
[monitor_data] 1776939792798,5041360,29348,29348,5709824,Phase 1
[monitor_data] 1776939793212,5789408,29402,29402,6418432,Phase 1
[monitor_data] 1776939793606,6499244,29460,29460,7100416,Phase 1
[monitor_data] 1776939793982,7179972,29513,29513,7794688,Phase 1
[monitor_data] 1776939794360,7876272,29571,29571,8550400,Phase 1
[monitor_data] 1776939794767,8630016,29634,29634,9310208,Phase 1
[monitor_data] 1776939795180,9390220,29696,29696,10100736,Phase 1
[monitor_data] 1776939795601,10184568,29756,29756,10801152,Phase 1
[monitor_data] 1776939796000,10884384,29814,29814,11558912,Phase 1
[monitor_data] 1776939796405,11640408,29875,29875,12285952,Phase 1
[monitor_data] 1776939796805,12365568,29933,29933,12996608,Phase 1
[monitor_data] 1776939797192,13078260,29987,29987,13688832,Phase 1
[monitor_data] 1776939797566,13772080,30043,30043,14379008,Phase 1
[monitor_data] 1776939797935,14459572,30102,30102,15138816,Phase 1
[monitor_data] 1776939798346,15217736,30157,30157,15822848,Phase 1
[monitor_data] 1776939798716,15906696,30218,30218,16603136,Phase 1
[monitor_data] 1776939799127,16684868,30277,30277,17324032,Phase 1
[monitor_data] 1776939799514,17406488,30335,30335,18038784,Phase 1
[monitor_data] 1776939799895,18121608,30392,30392,18745344,Phase 1
[monitor_data] 1776939800272,18829184,30447,30447,19441664,Phase 1
[monitor_data] 1776939800646,19524036,30506,30506,20164608,Phase 1
[monitor_data] 1776939801033,20246400,30561,30561,20860928,Phase 1
[monitor_data] 1776939801406,20942996,30618,30618,21557248,Phase 1
[monitor_data] 1776939801778,21640236,30674,30674,22325248,Phase 1
[monitor_data] 1776939802179,22409572,30734,30734,23037952,Phase 1
[monitor_data] 1776939802559,23119852,30792,30792,23767040,Phase 1
[monitor_data] 1776939802950,23849812,30850,30850,24459264,Phase 1
[monitor_data] 1776939803320,24541316,30909,30909,25229312,Phase 1
[monitor_data] 1776939803731,25311700,30968,30968,25956352,Phase 1
[monitor_data] 1776939804120,26039668,31025,31025,26654720,Phase 1
[monitor_data] 1776939804496,26737860,31085,31085,27387904,Phase 1
[monitor_data] 1776939804888,27469672,31142,31142,28104704,Phase 1
[monitor_data] 1776939805269,28188344,31199,31199,28852224,Phase 1
[monitor_data] 1776939805667,28941544,31262,31262,29599744,Phase 1
[monitor_data] 1776939806064,29683156,31317,31317,30312448,Phase 1
[monitor_data] 1776939806447,30394204,31376,31376,31043584,Phase 1
[monitor_data] 1776939806840,31126480,31436,31436,31522816,Phase 1
[monitor_data] 1776939807247,31570588,31443,31443,31873024,Phase 1
[monitor_data] 1776939807655,31956964,31501,31501,32608256,Phase 1
[monitor_data] 1776939808046,32692572,31557,31557,33316864,Phase 1
[monitor_data] 1776939808420,33401036,31618,31618,34101248,Phase 1
[monitor_data] 1776939808832,34188284,31678,31678,34807808,Phase 1
[monitor_data] 1776939809209,34891140,31734,31734,35481600,Phase 1
[monitor_data] 1776939809571,35564084,31791,31791,36216832,Phase 1
[monitor_data] 1776939809970,36302592,31852,31852,36952064,Phase 1
[monitor_data] 1776939810367,37036868,31910,31910,37705728,Phase 1
[monitor_data] 1776939810773,37789624,31968,31968,38467584,Phase 1
[monitor_data] 1776939811182,38551540,32027,32027,39204864,Phase 1
[monitor_data] 1776939811575,39290580,32090,32090,39985152,Phase 1
[monitor_data] 1776939811981,40071560,32153,32153,40724480,Phase 1
[monitor_data] 1776939812372,40808856,32209,32209,41465856,Phase 1
[monitor_data] 1776939812770,41550124,32271,32271,42196992,Phase 1
[monitor_data] 1776939813162,42284448,32327,32327,42913792,Phase 1
[monitor_data] 1776939813543,42997016,32384,32384,43608064,Phase 1
[monitor_data] 1776939813916,43694212,32439,32439,44308480,Phase 1
[monitor_data] 1776939814288,44393220,32499,32499,45058048,Phase 1
[monitor_data] 1776939814687,45141916,32555,32555,45793280,Phase 1
[monitor_data] 1776939815076,45881304,32618,32618,46534656,Phase 1
[monitor_data] 1776939815461,46620544,32677,32677,47296512,Phase 1
[monitor_data] 1776939815867,47383468,32734,32734,48017408,Phase 1
[monitor_data] 1776939816251,48101832,32797,32797,48777216,Phase 1
[monitor_data] 1776939816656,48861296,32853,32853,49500160,Phase 1
[monitor_data] 1776939817042,49586432,32914,32914,50235392,Phase 1
[monitor_data] 1776939817436,50323276,32972,32972,50997248,Phase 1
[monitor_data] 1776939817842,51083852,33031,33031,51728384,Phase 1
[monitor_data] 1776939818229,51816012,33093,33093,52486144,Phase 1
[monitor_data] 1776939818624,52571220,33151,33151,53190656,Phase 1
[monitor_data] 1776939819000,53275188,33208,33208,53915648,Phase 1
[monitor_data] 1776939819387,54000080,33268,33268,54642688,Phase 1
[monitor_data] 1776939819778,54730080,33328,33328,55418880,Phase 1
[monitor_data] 1776939820193,55505544,33387,33387,56145920,Phase 1
[monitor_data] 1776939820582,56231200,33443,33443,56819712,Phase 1
[monitor_data] 1776939820944,56905508,33499,33499,57530368,Phase 1
[monitor_data] 1776939821325,57617168,33558,33558,58284032,Phase 1
[monitor_data] 1776939821724,58369940,33622,33622,59043840,Phase 1
[monitor_data] 1776939822122,59129584,33675,33675,59742208,Phase 1
[monitor_data] 1776939822499,59827624,33733,33733,60499968,Phase 1
[monitor_data] 1776939822902,60584752,33793,33793,61198336,Phase 1
[monitor_data] 1776939823274,61285576,33852,33852,61923328,Phase 1
[monitor_data] 1776939823661,62010248,33908,33908,62658560,Phase 1
[monitor_data] 1776939824051,62744228,33968,33968,63438848,Phase 1
[monitor_data] 1776939824466,63524976,34031,34031,64184320,Phase 1
[monitor_data] 1776939824863,64271584,34089,34089,64948224,Phase 1
[monitor_data] 1776939825262,65037588,34154,34154,65726464,Phase 1
[monitor_data] 1776939825674,65813592,34214,34214,66445312,Phase 1
[monitor_data] 1776939826058,66532564,34268,34268,67155968,Phase 1
[monitor_data] 1776939826436,67242548,34328,34328,67909632,Phase 1
[monitor_data] 1776939826837,67996680,34388,34388,68644864,Phase 1
[monitor_data] 1776939827229,68731452,34447,34447,69363712,Phase 1
[monitor_data] 1776939827615,69451404,34503,34503,70115328,Phase 1
[monitor_data] 1776939828019,70202364,34566,34566,70899712,Phase 1
[monitor_data] 1776939828432,70986732,34627,34627,71634944,Phase 1
[monitor_data] 1776939828821,71723292,34686,34686,72368128,Phase 1
[monitor_data] 1776939829213,72457496,34743,34743,73058304,Phase 1
[monitor_data] 1776939829580,73146452,34799,34799,73785344,Phase 1
[monitor_data] 1776939829968,73871756,34856,34856,74502144,Phase 1
[monitor_data] 1776939830350,74590144,34917,34917,75255808,Phase 1
[monitor_data] 1776939830750,75344392,34975,34975,75954176,Phase 1
[monitor_data] 1776939831124,76042836,35033,35033,76675072,Phase 1
[monitor_data] 1776939831508,76762860,35088,35088,77422592,Phase 1
[monitor_data] 1776939831899,77513256,35149,35149,78149632,Phase 1
[monitor_data] 1776939832285,78238992,35207,35207,78891008,Phase 1
[monitor_data] 1776939832682,78981216,35265,35265,79616000,Phase 1
[monitor_data] 1776939833070,79705820,35326,35326,80332800,Phase 1
[monitor_data] 1776939833452,80420632,35382,35382,81078272,Phase 1
[monitor_data] 1776939833852,81166852,35441,35441,81788928,Phase 1
[monitor_data] 1776939834233,81877500,35500,35500,82511872,Phase 1
[monitor_data] 1776939834617,82599492,35559,35559,83306496,Phase 1
[monitor_data] 1776939835039,83393604,35619,35619,84011008,Phase 1
[monitor_data] 1776939835411,84097908,35675,35675,84705280,Phase 1
[monitor_data] 1776939835784,84794364,35734,35734,85477376,Phase 1
[monitor_data] 1776939836196,85564508,35795,35795,86188032,Phase 1
[monitor_data] 1776939836577,86277552,35854,35854,86966272,Phase 1
[monitor_data] 1776939836992,87055944,35899,35899,87488512,Phase 1
[monitor_data] 1776939838137,87578768,35958,35958,88262656,Phase 1
[monitor_data] 1776939838536,88351400,36018,36018,88985600,Phase 1
[monitor_data] 1776939838922,89074860,36075,36075,89681920,Phase 1
[monitor_data] 1776939839298,89776184,36133,36133,90421248,Phase 1
[monitor_data] 1776939839691,90511088,36193,36193,91203584,Phase 1
[monitor_data] 1776939840112,91294824,36253,36253,91908096,Phase 1
[monitor_data] 1776939840488,91997212,36312,36312,92299264,Phase 2
[monitor_data] 1776939840893,92353820,36312,36312,92299264,Phase 2
[monitor_data] 1776939841303,92353820,36312,36312,92299264,Phase 2
[monitor_data] 1776939841682,92353820,36312,36312,92299264,Phase 2
[monitor_data] 1776939842060,92353820,36312,36312,92299264,Phase 2
[monitor_data] 1776939842453,92353820,36312,36312,92299264,Phase 2
[monitor_data] 1776939842845,92353820,36312,36312,92299264,Phase 2
[monitor_data] 1776939843220,92353820,36312,36312,92299264,Phase 2
[monitor_data] 1776939843589,92353820,36312,36312,92690432,Phase 2
[monitor_data] 1776939843967,92744456,36312,36312,92690432,Phase 2
[monitor_data] 1776939844341,92744456,36312,36312,92690432,Phase 2
[monitor_data] 1776939844720,92744456,36312,36312,92690432,Phase 2
[monitor_data] 1776939845120,92744456,36312,36312,92690432,Phase 2
[monitor_data] 1776939845528,92744456,36312,36312,92690432,Phase 3.1
[monitor_data] 1776939845949,92744480,36314,36314,92690432,Phase 3.1
[monitor_data] 1776939846336,93459476,2845609,2845609,92690432,Phase 3.1
[monitor_data] 1776939846712,94830500,2846120,2846120,92690432,Phase 3.1
[monitor_data] 1776939847090,95446776,2846121,2846121,92690432,Phase 3.1
[monitor_data] 1776939847480,95547544,2846121,2846121,92690432,Phase 3.1
[monitor_data] 1776939847861,95554868,2846116,2846116,92690432,Phase 3.1
[monitor_data] 1776939848254,95555336,2846121,2846121,92690432,Phase 3.1
[monitor_data] 1776939848641,95555376,2846117,2846117,92690432,Phase 3.1
[monitor_data] 1776939849024,95555376,2846121,2846121,92690432,Phase 3.1
[monitor_data] 1776939849426,95555376,2846120,2846120,92690432,Phase 3.1
[monitor_data] 1776939849811,95555376,2846125,2846125,92690432,Phase 3.1
[monitor_data] 1776939850192,95555376,2846117,2846117,92690432,Phase 3.1
[monitor_data] 1776939850593,95555376,2846121,2846121,92690432,Phase 3.1
[monitor_data] 1776939850993,95555376,2846117,2846117,92690432,Phase 3.1
[monitor_data] 1776939851397,95555376,2846125,2846125,92690432,Phase 3.1
[monitor_data] 1776939851812,95555376,2846125,2846125,92690432,Phase 3.1
[monitor_data] 1776939852196,95555376,2846121,2846121,92690432,Phase 3.1
[monitor_data] 1776939852579,95555376,2846117,2846117,92690432,Phase 3.1
[monitor_data] 1776939852986,95555376,2846117,2846117,92690432,Phase 3.1
[monitor_data] 1776939853380,95555376,2846117,2846117,92690432,Phase 3.1
[monitor_data] 1776939853771,95555376,2846117,2846117,92690432,Phase 3.1
[monitor_data] 1776939854144,95555376,2846121,2846121,92690432,Phase 3.1
[monitor_data] 1776939854554,95555376,2846121,2846121,92690432,Phase 3.1
[monitor_data] 1776939854967,95555376,2846121,2846121,92690432,Phase 3.1
[monitor_data] 1776939855382,95555376,2846121,2846121,92690432,Phase 3.1
[monitor_data] 1776939855772,95555376,2846125,2846125,92690432,Phase 3.1
[monitor_data] 1776939856162,95555376,2846121,2846121,92690432,Phase 3.1
[monitor_data] 1776939856539,95555376,2846117,2846117,92690432,Phase 3.1
[monitor_data] 1776939856922,95555376,2846121,2846121,92690432,Phase 3.1
[monitor_data] 1776939857318,95555376,2846121,2846121,92690432,Phase 3.1
[monitor_data] 1776939857737,95555376,2846121,2846121,92690432,Phase 3.1
[monitor_data] 1776939858115,95555376,2846121,2846121,92690432,Phase 3.1
[monitor_data] 1776939858491,95555376,2846117,2846117,92690432,Phase 3.1
[monitor_data] 1776939858867,95555376,2846121,2846121,92690432,Phase 3.1
[monitor_data] 1776939859239,95555376,2846121,2846121,92690432,Phase 3.1
[monitor_data] 1776939859614,95555376,2846117,2846117,92690432,Phase 3.1
[monitor_data] 1776939860003,95555376,2846121,2846121,92690432,Phase 3.1
[monitor_data] 1776939860408,95555376,2846121,2846121,92690432,Phase 3.1
[monitor_data] 1776939860786,95555376,2846121,2846121,92690432,Phase 3.1
[monitor_data] 1776939861186,95555376,2846117,2846117,92690432,Phase 3.1
[monitor_data] 1776939861580,95555376,2846121,2846121,92690432,Phase 3.1
[monitor_data] 1776939861957,95555376,2846121,2846121,92690432,Phase 3.1
[monitor_data] 1776939862351,95555376,2846116,2846116,92690432,Phase 3.1
[monitor_data] 1776939862773,95555376,2846112,2846112,92690432,Phase 3.1
[monitor_data] 1776939863181,95555376,2846116,2846116,92690432,Phase 3.1
[monitor_data] 1776939863569,95555376,2846116,2846116,92690432,Phase 3.1
[monitor_data] 1776939863962,95555376,2846116,2846116,92690432,Phase 3.1
[monitor_data] 1776939864344,95555376,2846116,2846116,92690432,Phase 3.1
[monitor_data] 1776939864747,95555376,2846116,2846116,92690432,Phase 3.1
[monitor_data] 1776939865126,95555376,2846112,2846112,92690432,Phase 3.1
[monitor_data] 1776939865537,95555376,2846112,2846112,92690432,Phase 3.1
[monitor_data] 1776939865948,95555376,2846115,2846115,92690432,Phase 3.1
[monitor_data] 1776939866347,95555376,2846111,2846111,92690432,Phase 3.1
[monitor_data] 1776939866726,95555376,2846116,2846116,92690432,Phase 3.1
[monitor_data] 1776939867111,95555376,2846111,2846111,92690432,Phase 3.1
[monitor_data] 1776939867492,95555376,2846116,2846116,92690432,Phase 3.1
[monitor_data] 1776939867903,95555376,2846111,2846111,92690432,Phase 3.1
[monitor_data] 1776939868302,95555376,2846116,2846116,92690432,Phase 3.1
[monitor_data] 1776939868686,95555376,2846112,2846112,92690432,Phase 3.1
[monitor_data] 1776939869091,95555376,2846111,2846111,92690432,Phase 3.1
[monitor_data] 1776939869468,95555376,2846116,2846116,92690432,Phase 3.1
[monitor_data] 1776939869831,95555376,2846112,2846112,92690432,Phase 3.1
[monitor_data] 1776939870221,95555376,2846111,2846111,92690432,Phase 3.1
[monitor_data] 1776939870603,95555376,2846116,2846116,92690432,Phase 3.1
[monitor_data] 1776939871011,95555376,2846116,2846116,92690432,Phase 3.1
[monitor_data] 1776939871388,95555376,2846112,2846112,92690432,Phase 3.1
[monitor_data] 1776939871756,95555376,2846116,2846116,92690432,Phase 3.1
[monitor_data] 1776939872161,95555376,2846112,2846112,92690432,Phase 3.1
[monitor_data] 1776939872553,95555376,2846111,2846111,92690432,Phase 3.1
[monitor_data] 1776939872928,95555376,2846112,2846112,92690432,Phase 3.1
[monitor_data] 1776939873310,95555376,2846112,2846112,92690432,Phase 3.1
[monitor_data] 1776939873673,95555376,2846111,2846111,92690432,Phase 3.1
[monitor_data] 1776939874044,95555376,2846112,2846112,92690432,Phase 3.1
[monitor_data] 1776939874426,95555376,2846112,2846112,92690432,Phase 3.1
[monitor_data] 1776939874798,95555376,2846116,2846116,92690432,Phase 3.1
[monitor_data] 1776939875148,95555376,2846112,2846112,92690432,Phase 3.1
[monitor_data] 1776939875524,95555376,2846116,2846116,92690432,Phase 3.1
[monitor_data] 1776939875881,95555376,2846112,2846112,92690432,Phase 3.1
[monitor_data] 1776939876252,95555376,2846112,2846112,92690432,Phase 3.1
[monitor_data] 1776939876644,95555376,2846116,2846116,92690432,Phase 3.1
[monitor_data] 1776939877025,95555376,2846112,2846112,92690432,Phase 3.1
[monitor_data] 1776939877421,95555376,2846112,2846112,92690432,Phase 3.1
[monitor_data] 1776939877821,95555376,2846116,2846116,92690432,Phase 3.1
[monitor_data] 1776939878203,95555376,2846116,2846116,92690432,Phase 3.1
[monitor_data] 1776939878581,95555376,2846112,2846112,92690432,Phase 3.1
[monitor_data] 1776939878961,95555376,2846116,2846116,92690432,Phase 3.1
[monitor_data] 1776939879334,95555376,2846112,2846112,92690432,Phase 3.1
[monitor_data] 1776939879742,95555376,2846112,2846112,92690432,Phase 3.1
[monitor_data] 1776939880130,95555376,2846112,2846112,92690432,Phase 3.1
[monitor_data] 1776939880508,95555376,2846112,2846112,92690432,Phase 3.1
[monitor_data] 1776939880912,95555376,2846116,2846116,92690432,Phase 3.1
[monitor_data] 1776939881279,95555376,2846112,2846112,92690432,Phase 3.1
[monitor_data] 1776939881676,95555376,2846116,2846116,92690432,Phase 3.1
[monitor_data] 1776939882069,95555376,2846112,2846112,92690432,Phase 3.1
[monitor_data] 1776939882455,95555376,2846112,2846112,92690432,Phase 3.1
[monitor_data] 1776939882840,95555376,2846116,2846116,92690432,Phase 3.1
[monitor_data] 1776939883227,95555376,2846116,2846116,92690432,Phase 3.1
[monitor_data] 1776939883616,95555376,2846112,2846112,92690432,Phase 3.1
[monitor_data] 1776939883999,95555376,2846112,2846112,92690432,Phase 3.1
[monitor_data] 1776939884383,95555376,2846112,2846112,92690432,Phase 3.1
[monitor_data] 1776939884749,95555376,2846112,2846112,92690432,Phase 3.1
[monitor_data] 1776939885109,95555376,2846112,2846112,92690432,Phase 3.1
[monitor_data] 1776939885497,95555376,2846112,2846112,92690432,Phase 3.1
[monitor_data] 1776939885878,95555376,2846112,2846112,92690432,Phase 3.1
[monitor_data] 1776939886263,95555376,2846112,2846112,92690432,Phase 3.1
[monitor_data] 1776939886683,95555376,2846112,2846112,92690432,Phase 3.1
[monitor_data] 1776939887074,95555376,2846112,2846112,92690432,Phase 3.1
[monitor_data] 1776939887443,95555376,2846112,2846112,92690432,Phase 3.1
[monitor_data] 1776939887821,95555376,2846112,2846112,92690432,Phase 3.1
[monitor_data] 1776939888226,95555376,2846112,2846112,92690432,Phase 3.1
[monitor_data] 1776939888608,95555376,2846112,2846112,92690432,Phase 3.1
[monitor_data] 1776939888996,95555376,2846112,2846112,92690432,Phase 3.1
[monitor_data] 1776939889409,95555376,2846112,2846112,91869184,Phase 3.1
[monitor_data] 1776939889829,96779056,4970747,4970747,91869184,Phase 3.1
[monitor_data] 1776939890214,98439336,5724871,5724871,91869184,Phase 3.1
[monitor_data] 1776939890601,98439336,5724871,5724871,91869184,Phase 3.1
[monitor_data] 1776939890972,98439336,5724871,5724871,91869184,Phase 3.1
[monitor_data] 1776939891341,98439336,5724871,5724871,91869184,Phase 3.1
[monitor_data] 1776939891729,98439336,5724871,5724871,91869184,Phase 3.1
[monitor_data] 1776939892143,98439336,5724871,5724871,91869184,Phase 3.1
[monitor_data] 1776939892525,98439336,5724871,5724871,91869184,Phase 3.1
[monitor_data] 1776939892927,98439336,5724871,5724871,91869184,Phase 3.1
[monitor_data] 1776939893333,98439336,5724871,5724871,91869184,Phase 3.1
[monitor_data] 1776939893729,98439336,5724871,5724871,91869184,Phase 3.1
[monitor_data] 1776939894116,98439336,5724871,5724871,91869184,Phase 3.1
[monitor_data] 1776939894508,98439336,5724871,5724871,91869184,Phase 3.1
[monitor_data] 1776939894906,98439336,5724871,5724871,91869184,Phase 3.1
[monitor_data] 1776939895300,98439336,5724871,5724871,91869184,Phase 3.1
[monitor_data] 1776939895700,98439336,5724871,5724871,91797504,Phase 3.1
[monitor_data] 1776939896099,98443988,5722114,5722114,91797504,Phase 3.1
[monitor_data] 1776939896490,98443988,5722114,5722114,91797504,Phase 3.1
[monitor_data] 1776939896860,98443988,5722114,5722114,91797504,Phase 3.1
[monitor_data] 1776939897256,98443988,5722114,5722114,91797504,Phase 3.1
[monitor_data] 1776939897630,98443988,5722114,5722114,91797504,Phase 3.1
[monitor_data] 1776939898025,98443988,5722114,5722114,91797504,Phase 3.1
[monitor_data] 1776939898417,98443988,5722114,5722114,91797504,Phase 3.1
[monitor_data] 1776939898813,98443988,5722114,5722114,91797504,Phase 3.1
[monitor_data] 1776939899209,98443988,5722114,5722114,91797504,Phase 3.1
[monitor_data] 1776939899588,98443988,5722114,5722114,91797504,Phase 3.1
[monitor_data] 1776939899981,98443988,5722114,5722114,91797504,Phase 3.1
[monitor_data] 1776939900384,98443988,5722114,5722114,91797504,Phase 3.1
[monitor_data] 1776939900788,98443988,5722114,5722114,91797504,Phase 3.1
[monitor_data] 1776939901166,98443988,5722114,5722114,91797504,Phase 3.1
[monitor_data] 1776939901535,98443988,5722114,5722114,91797504,Phase 3.1
[monitor_data] 1776939901925,98443988,5722114,5722114,91797504,Phase 3.1
[monitor_data] 1776939902306,98443988,5722114,5722114,91797504,Phase 3.1
[monitor_data] 1776939902700,98443988,5722114,5722114,91797504,Phase 3.1
[monitor_data] 1776939903064,98443988,5722114,5722114,91797504,Phase 3.1
[monitor_data] 1776939903456,98443988,5722114,5722114,91797504,Phase 3.1
[monitor_data] 1776939903835,98443988,5722114,5722114,91797504,Phase 3.1
[monitor_data] 1776939904208,98443988,5722114,5722114,91797504,Phase 3.1
[monitor_data] 1776939904617,98443988,5542685,5542685,91797504,Phase 3.1
[monitor_data] 1776939905028,100076724,5715474,5715474,91797504,Phase 3.1
[monitor_data] 1776939905416,101100364,5719477,5719477,91797504,Phase 3.1
[monitor_data] 1776939905809,101256080,5721537,5721537,91797504,Phase 3.1
[monitor_data] 1776939906213,101264532,5726371,5726371,91797504,Phase 3.1
[monitor_data] 1776939906614,101270224,5733200,5733200,91797504,Phase 3.1
[monitor_data] 1776939907005,101276052,5735360,5735360,91797504,Phase 3.1
[monitor_data] 1776939907421,101278388,5736586,5736586,91797504,Phase 3.1
[monitor_data] 1776939907800,101281048,5741504,5741504,91797504,Phase 3.1
[monitor_data] 1776939908192,101284552,5745672,5745672,91797504,Phase 3.1
[monitor_data] 1776939908595,101288676,5748228,5748228,91797504,Phase 3.1
[monitor_data] 1776939908962,101291032,5752320,5752320,91797504,Phase 3.1
[monitor_data] 1776939909357,101294204,5753206,5753206,91797504,Phase 3.1
[monitor_data] 1776939909728,101294672,5751170,5751170,91797504,Phase 3.1
[monitor_data] 1776939910147,101294672,5753366,5753366,91797504,Phase 3.1
[monitor_data] 1776939910552,101296972,5756567,5756567,91797504,Phase 3.1
[monitor_data] 1776939910945,101302012,5760731,5760731,91797504,Phase 3.1
[monitor_data] 1776939911346,101303608,5760518,5760518,91797504,Phase 3.1
[monitor_data] 1776939911747,101304156,5757185,5757185,91797504,Phase 3.1
[monitor_data] 1776939912135,101304156,5753264,5753264,91797504,Phase 3.1
[monitor_data] 1776939912520,101304156,5750505,5750505,91797504,Phase 3.1
[monitor_data] 1776939912934,101304156,5750151,5750151,91797504,Phase 3.1
[monitor_data] 1776939913337,101304156,5749333,5749333,91797504,Phase 3.1
[monitor_data] 1776939913728,101304156,5746334,5746334,91797504,Phase 3.1
[monitor_data] 1776939914115,101304156,5746296,5746296,91797504,Phase 3.1
[monitor_data] 1776939914506,101304156,5746296,5746296,91797504,Phase 3.1
[monitor_data] 1776939914906,101304156,5745579,5745579,91797504,Phase 3.1
[monitor_data] 1776939915293,101304156,5744874,5744874,91797504,Phase 3.1
[monitor_data] 1776939915666,101304156,5744311,5744311,91797504,Phase 3.1
[monitor_data] 1776939916051,101304156,5743860,5743860,91797504,Phase 3.1
[monitor_data] 1776939916430,101304156,5742368,5742368,91797504,Phase 3.1
[monitor_data] 1776939916842,101304156,5740863,5740863,91797504,Phase 3.1
[monitor_data] 1776939917230,101304156,5739967,5739967,91797504,Phase 3.1
[monitor_data] 1776939917605,101304156,5737185,5737185,91797504,Phase 3.1
[monitor_data] 1776939917981,101304156,5735842,5735842,91797504,Phase 3.1
[monitor_data] 1776939918388,101304156,5735818,5735818,91797504,Phase 3.1
[monitor_data] 1776939918785,101304156,5735386,5735386,91797504,Phase 3.1
[monitor_data] 1776939919169,101304156,5736765,5736765,91797504,Phase 3.1
[monitor_data] 1776939919555,101304156,5733804,5733804,91797504,Phase 3.1
[monitor_data] 1776939919950,101304156,5736629,5736629,91797504,Phase 3.1
[monitor_data] 1776939920342,101304156,5735909,5735909,91797504,Phase 3.1
[monitor_data] 1776939920715,101304156,5737502,5737502,91797504,Phase 3.1
[monitor_data] 1776939921099,101304156,5734875,5734875,91797504,Phase 3.1
[monitor_data] 1776939921492,101304156,5731918,5731918,91797504,Phase 3.1
[monitor_data] 1776939921923,101304156,5728958,5728958,91797504,Phase 3.1
[monitor_data] 1776939922306,101304156,5727884,5727884,91797504,Phase 3.1
[monitor_data] 1776939922685,101304156,5726190,5726190,91797504,Phase 3.1
[monitor_data] 1776939923086,101304156,5724444,5724444,91797504,Phase 3.1
[monitor_data] 1776939923456,101304156,5723233,5723233,91797504,Phase 3.1
[monitor_data] 1776939923839,101304156,5720802,5720802,91797504,Phase 3.1
[monitor_data] 1776939924261,101304156,5718693,5718693,91797504,Phase 3.1
[monitor_data] 1776939924669,101304156,5716862,5716862,91797504,Phase 3.1
[monitor_data] 1776939925054,101304156,5715445,5715445,91797504,Phase 3.1
[monitor_data] 1776939925456,101304156,5713597,5713597,91797504,Phase 3.1
[monitor_data] 1776939925829,101304156,5713130,5713130,91797504,Phase 3.1
[monitor_data] 1776939926201,101304156,5717053,5717053,91797504,Phase 3.1
[monitor_data] 1776939926623,101304156,5724422,5724422,91797504,Phase 3.1
[monitor_data] 1776939927023,101304156,5732702,5732702,91797504,Phase 3.1
[monitor_data] 1776939928206,101304528,5739620,5739620,91797504,Phase 3.1
[monitor_data] 1776939928612,101305472,5744800,5744800,91797504,Phase 3.1
[monitor_data] 1776939929009,101305664,5745840,5745840,91797504,Phase 3.1
[monitor_data] 1776939929393,101305664,5747344,5747344,91797504,Phase 3.1
[monitor_data] 1776939929781,101305664,5748094,5748094,91797504,Phase 3.1
[monitor_data] 1776939930181,101305664,5744341,5744341,91797504,Phase 3.1
[monitor_data] 1776939930545,101305664,5743085,5743085,91797504,Phase 3.1
[monitor_data] 1776939930920,101305664,5742183,5742183,91797504,Phase 3.1
[monitor_data] 1776939931327,101305664,5738622,5738622,91797504,Phase 3.1
[monitor_data] 1776939931717,101305664,5736283,5736283,91797504,Phase 3.1
[monitor_data] 1776939932107,101305664,5735630,5735630,91797504,Phase 3.1
[monitor_data] 1776939932493,101305664,5735049,5735049,91797504,Phase 3.1
[monitor_data] 1776939932860,101305664,5733651,5733651,91797504,Phase 3.1
[monitor_data] 1776939933229,101305664,5730723,5730723,91797504,Phase 3.1
[monitor_data] 1776939933602,101305664,5727370,5727370,91797504,Phase 3.1
[monitor_data] 1776939934001,101305664,5723973,5723973,91797504,Phase 3.1
[monitor_data] 1776939934367,101305664,5716787,5716787,91797504,Phase 3.1
[monitor_data] 1776939934764,101305664,5713759,5713759,91797504,Phase 3.1
[monitor_data] 1776939935147,101305664,5715889,5715889,91797504,Phase 3.1
[monitor_data] 1776939935547,101305664,5719038,5719038,91797504,Phase 3.1
[monitor_data] 1776939935929,101305664,5724847,5724847,91797504,Phase 3.1
[monitor_data] 1776939936318,101305664,5725894,5725894,91797504,Phase 3.1
[monitor_data] 1776939936706,101305664,5732950,5732950,91797504,Phase 3.1
[monitor_data] 1776939937089,101305664,5736179,5736179,91797504,Phase 3.1
[monitor_data] 1776939937487,101305664,5736288,5736288,91797504,Phase 3.1
[monitor_data] 1776939937874,101305664,5739728,5739728,91797504,Phase 3.1
[monitor_data] 1776939938273,101305664,5742247,5742247,91797504,Phase 3.1
[monitor_data] 1776939938679,101305664,5744766,5744766,91797504,Phase 3.1
[monitor_data] 1776939939090,101305664,5750075,5750075,91797504,Phase 3.1
[monitor_data] 1776939939480,101305664,5752113,5752113,91797504,Phase 3.1
[monitor_data] 1776939939871,101305664,5750042,5750042,91797504,Phase 3.1
[monitor_data] 1776939940259,101305664,5744603,5744603,91797504,Phase 3.1
[monitor_data] 1776939940654,101305664,5743175,5743175,91797504,Phase 3.1
[monitor_data] 1776939941038,101305664,5742525,5742525,91797504,Phase 3.1
[monitor_data] 1776939941422,101305664,5741568,5741568,91797504,Phase 3.1
[monitor_data] 1776939941805,101305664,5739578,5739578,91797504,Phase 3.1
[monitor_data] 1776939942207,101305664,5737423,5737423,91797504,Phase 3.1
[monitor_data] 1776939942602,101305664,5736572,5736572,91797504,Phase 3.1
[monitor_data] 1776939942996,101305664,5736138,5736138,91797504,Phase 3.1
[monitor_data] 1776939943379,101305664,5738044,5738044,91797504,Phase 3.1
[monitor_data] 1776939943782,101305664,5738734,5738734,91797504,Phase 3.1
[monitor_data] 1776939944197,101305664,5736798,5736798,91797504,Phase 3.1
[monitor_data] 1776939944591,101305664,5735677,5735677,91797504,Phase 3.1
[monitor_data] 1776939944978,101305664,5734740,5734740,91797504,Phase 3.1
[monitor_data] 1776939945374,101305664,5732867,5732867,91797504,Phase 3.1
[monitor_data] 1776939945757,101305664,5731203,5731203,91797504,Phase 3.1
[monitor_data] 1776939946136,101305664,5729642,5729642,91797504,Phase 3.1
[monitor_data] 1776939946514,101305664,5728148,5728148,91797504,Phase 3.1
[monitor_data] 1776939946900,101305664,5726267,5726267,91797504,Phase 3.1
[monitor_data] 1776939947285,101305664,5723693,5723693,91797504,Phase 3.1
[monitor_data] 1776939947668,101305664,5720181,5720181,91797504,Phase 3.1
[monitor_data] 1776939948085,101305664,5715725,5715725,91797504,Phase 3.1
[monitor_data] 1776939948486,101305664,5714786,5714786,91797504,Phase 3.1
[monitor_data] 1776939948891,101305664,5713963,5713963,91797504,Phase 3.1
[monitor_data] 1776939949298,101305664,5713047,5713047,91797504,Phase 3.1
[monitor_data] 1776939949666,101305664,5713047,5713047,91797504,Phase 3.1
[monitor_data] 1776939950066,101305664,5713047,5713047,91797504,Phase 3.1
[monitor_data] 1776939950472,101305664,5713047,5713047,91797504,Phase 3.1
[monitor_data] 1776939950859,101305664,5713047,5713047,91797504,Phase 3.1
[monitor_data] 1776939951229,101305664,5713047,5713047,91797504,Phase 3.1
[monitor_data] 1776939951610,101305664,5713047,5713047,91797504,Phase 3.1
[monitor_data] 1776939951996,101305664,5713047,5713047,91797504,Phase 3.1
[monitor_data] 1776939952396,101305664,5713047,5713047,91797504,Phase 3.1
[monitor_data] 1776939952808,101305664,5713047,5713047,91797504,Phase 3.1
[monitor_data] 1776939953199,101305664,5713047,5713047,91797504,Phase 3.1
[monitor_data] 1776939953598,101305664,5713047,5713047,91797504,Phase 3.1
[monitor_data] 1776939953984,101305664,5713047,5713047,91797504,Phase 3.1
[monitor_data] 1776939954403,101305664,5713047,5713047,91797504,Phase 3.1
[monitor_data] 1776939954802,101305664,5713047,5713047,91797504,Phase 3.1
[monitor_data] 1776939955203,101305664,5713047,5713047,91797504,Phase 3.1
[monitor_data] 1776939955582,101305664,5713047,5713047,91797504,Phase 3.1
[monitor_data] 1776939955971,101305664,5713047,5713047,91797504,Phase 3.1
[monitor_data] 1776939956384,101305664,14588634,14588634,91797504,Phase 3.1
[monitor_data] 1776939956763,107743824,14588291,14588291,91797504,Phase 3.1
[monitor_data] 1776939957161,110183064,14588291,14588291,91691008,Phase 3.1
[monitor_data] 1776939957538,110214620,14567515,14567515,91461632,Phase 3.1
[monitor_data] 1776939958207,110220776,14465234,14465234,90900480,Phase 3.1
[monitor_data] 1776939958613,110232436,14351524,14351524,90351616,Phase 3.1
[monitor_data] 1776939959015,110244264,14233910,14233910,89745408,Phase 3.1
[monitor_data] 1776939959451,110263672,14115976,14115976,89186304,Phase 3.1
[monitor_data] 1776939959854,110286340,14004507,14004507,88637440,Phase 3.1
[monitor_data] 1776939960261,110306456,13901874,13901874,88119296,Phase 3.1
[monitor_data] 1776939960658,110325484,13802442,13802442,87623680,Phase 3.1
[monitor_data] 1776939961035,110341980,13696224,13696224,87115776,Phase 3.1
[monitor_data] 1776939961428,110357836,13597689,13597689,86616064,Phase 3.1
[monitor_data] 1776939961814,110371456,13503058,13503058,86155264,Phase 3.1
[monitor_data] 1776939962187,110383180,13404331,13404331,85645312,Phase 3.1
[monitor_data] 1776939962584,110394324,13301890,13301890,85135360,Phase 3.1
[monitor_data] 1776939962985,110404320,13205340,13205340,84631552,Phase 3.1
[monitor_data] 1776939963387,110413548,13104307,13104307,84146176,Phase 3.1
[monitor_data] 1776939963785,110421396,13009869,13009869,83666944,Phase 3.1
[monitor_data] 1776939964170,110427932,12910821,12910821,83165184,Phase 3.1
[monitor_data] 1776939964577,110433124,12817791,12817791,82720768,Phase 3.1
[monitor_data] 1776939964940,110436132,12727771,12727771,82262016,Phase 3.1
[monitor_data] 1776939965318,110439668,12634741,12634741,81778688,Phase 3.1
[monitor_data] 1776939965713,110441688,12539407,12539407,81283072,Phase 3.1
[monitor_data] 1776939966128,110444504,12443816,12443816,80822272,Phase 3.1
[monitor_data] 1776939966515,110447356,12354884,12354884,80365568,Phase 3.1
[monitor_data] 1776939966903,110449024,12259390,12259390,79888384,Phase 3.1
[monitor_data] 1776939967301,110449968,12165111,12165111,79421440,Phase 3.1
[monitor_data] 1776939967696,110450576,12075155,12075155,78952448,Phase 3.1
[monitor_data] 1776939968089,110450608,11979884,11979884,78487552,Phase 3.1
[monitor_data] 1776939968486,110450772,11892489,11892489,78041088,Phase 3.1
[monitor_data] 1776939968864,110451028,11802212,11802212,77586432,Phase 3.1
[monitor_data] 1776939969255,110451028,11706302,11706302,77086720,Phase 3.1
[monitor_data] 1776939969674,110451028,11614617,11614617,76670976,Phase 3.1
[monitor_data] 1776939970038,110451028,11531640,11531640,76247040,Phase 3.1
[monitor_data] 1776939970424,110451028,11445590,11445590,75829248,Phase 3.1
[monitor_data] 1776939970797,110451028,11358836,11358836,75413504,Phase 3.2
[monitor_data] 1776939971199,110451028,11317030,11317030,75407360,Phase 3.2
[monitor_data] 1776939971586,110451032,11317030,11317030,75407360,Phase 3.2
[monitor_data] 1776939971969,110451032,11317030,11317030,75407360,Phase 3.2
[monitor_data] 1776939972356,110451032,11317030,11317030,75407360,Phase 3.2
[monitor_data] 1776939972752,110451032,11317030,11317030,75407360,Phase 3.2
[monitor_data] 1776939973128,110451032,11317030,11317030,75407360,Phase 3.2
[monitor_data] 1776939973516,110451032,11317030,11317030,75407360,Phase 3.2
[monitor_data] 1776939973891,110451032,11317030,11317030,75407360,Phase 3.2
[monitor_data] 1776939974277,110451032,11317030,11317030,75407360,Phase 3.2
[monitor_data] 1776939974707,110451032,11317030,11317030,75407360,Phase 3.2
[monitor_data] 1776939975085,110451032,11317030,11317030,75407360,Phase 3.2
[monitor_data] 1776939975459,110451032,11317030,11317030,75407360,Phase 3.2
[monitor_data] 1776939975870,110451032,11317030,11317030,75407360,Phase 3.2
[monitor_data] 1776939976238,110451032,11317030,11317030,75407360,Phase 3.2
[monitor_data] 1776939976639,110451032,13309688,13309688,75405312,Phase 3.2
[monitor_data] 1776939977023,111538712,13548356,13548356,75405312,Phase 3.2
[monitor_data] 1776939977402,112309064,13551330,13551330,75405312,Phase 3.2
[monitor_data] 1776939977795,112550184,13553056,13553056,75405312,Phase 3.2
[monitor_data] 1776939978172,112579452,13555753,13555753,75405312,Phase 3.2
[monitor_data] 1776939978554,112582500,13557751,13557751,75405312,Phase 3.2
[monitor_data] 1776939978932,112582844,13560864,13560864,75405312,Phase 3.2
[monitor_data] 1776939979325,112583136,13563242,13563242,75405312,Phase 3.2
[monitor_data] 1776939979724,112583292,13565424,13565424,75405312,Phase 3.2
[monitor_data] 1776939980112,112583436,13567870,13567870,75405312,Phase 3.2
[monitor_data] 1776939980491,112583544,13569299,13569299,75405312,Phase 3.2
[monitor_data] 1776939980878,112583880,13570313,13570313,75405312,Phase 3.2
[monitor_data] 1776939981229,112584120,13572235,13572235,75405312,Phase 3.2
[monitor_data] 1776939981591,112584416,13575203,13575203,75405312,Phase 3.2
[monitor_data] 1776939981971,112584644,13576296,13576296,75405312,Phase 3.2
[monitor_data] 1776939982338,112584988,13579257,13579257,75405312,Phase 3.2
[monitor_data] 1776939982735,112585408,13581908,13581908,75405312,Phase 3.2
[monitor_data] 1776939983113,112585760,13587650,13587650,75405312,Phase 3.2
[monitor_data] 1776939983496,112586172,13592179,13592179,75405312,Phase 3.2
[monitor_data] 1776939983864,112586568,13595596,13595596,75405312,Phase 3.2
[monitor_data] 1776939984238,112586748,13595334,13595334,75405312,Phase 3.2
[monitor_data] 1776939984614,112586788,13595483,13595483,75405312,Phase 3.2
[monitor_data] 1776939984993,112586844,13595845,13595845,75405312,Phase 3.2
[monitor_data] 1776939985363,112587072,13596129,13596129,75405312,Phase 3.2
[monitor_data] 1776939985729,112587156,13595173,13595173,75405312,Phase 3.2
[monitor_data] 1776939986128,112587220,13594414,13594414,75405312,Phase 3.2
[monitor_data] 1776939986516,112587284,13592299,13592299,75405312,Phase 3.2
[monitor_data] 1776939986927,112587368,13589378,13589378,75405312,Phase 3.2
[monitor_data] 1776939987287,112587416,13587267,13587267,75405312,Phase 3.2
[monitor_data] 1776939987657,112587484,13584915,13584915,75405312,Phase 3.2
[monitor_data] 1776939988062,112587492,13581015,13581015,75405312,Phase 3.2
[monitor_data] 1776939988480,112587696,13581908,13581908,75405312,Phase 3.2
[monitor_data] 1776939988866,112587728,13580595,13580595,75405312,Phase 3.2
[monitor_data] 1776939989281,112587764,13579955,13579955,75405312,Phase 3.2
[monitor_data] 1776939989670,112587856,13578489,13578489,75405312,Phase 3.2
[monitor_data] 1776939990045,112587964,13578280,13578280,75405312,Phase 3.2
[monitor_data] 1776939990429,112588004,13577085,13577085,75405312,Phase 3.2
[monitor_data] 1776939990839,112588188,13576329,13576329,75405312,Phase 3.2
[monitor_data] 1776939991216,112588328,13576539,13576539,75405312,Phase 3.2
[monitor_data] 1776939991602,112588404,13574965,13574965,75405312,Phase 3.2
[monitor_data] 1776939991990,112588528,13574950,13574950,75405312,Phase 3.2
[monitor_data] 1776939992364,112588672,13574224,13574224,75405312,Phase 3.2
[monitor_data] 1776939992755,112588772,13573682,13573682,75405312,Phase 3.2
[monitor_data] 1776939993138,112588900,13572964,13572964,75405312,Phase 3.2
[monitor_data] 1776939993547,112589072,13573304,13573304,75405312,Phase 3.2
[monitor_data] 1776939993960,112589120,13571683,13571683,75405312,Phase 3.2
[monitor_data] 1776939994342,112589176,13571492,13571492,75405312,Phase 3.2
[monitor_data] 1776939994748,112589192,13574153,13574153,75405312,Phase 3.2
[monitor_data] 1776939995159,112589192,13578117,13578117,75405312,Phase 3.2
[monitor_data] 1776939995552,112589192,13579055,13579055,75405312,Phase 3.2
[monitor_data] 1776939995952,112589192,13576820,13576820,75405312,Phase 3.2
[monitor_data] 1776939996340,112589192,13572974,13572974,75405312,Phase 3.2
[monitor_data] 1776939996733,112589192,13570578,13570578,75405312,Phase 3.2
[monitor_data] 1776939997108,112589204,13569538,13569538,75405312,Phase 3.2
[monitor_data] 1776939997486,112589204,13569572,13569572,75405312,Phase 3.2
[monitor_data] 1776939997871,112589344,13569136,13569136,75405312,Phase 3.2
[monitor_data] 1776939998220,112589344,13568194,13568194,75405312,Phase 3.2
[monitor_data] 1776939998593,112589348,13568070,13568070,75405312,Phase 3.2
[monitor_data] 1776939998977,112589516,13567832,13567832,75405312,Phase 3.2
[monitor_data] 1776939999331,112589528,13567609,13567609,75405312,Phase 3.2
[monitor_data] 1776939999701,112589528,13567354,13567354,75405312,Phase 3.2
[monitor_data] 1776940000116,112589528,13567050,13567050,75405312,Phase 3.2
[monitor_data] 1776940000558,112589576,13566981,13566981,75405312,Phase 3.2
[monitor_data] 1776940001002,112589664,13567047,13567047,75405312,Phase 3.2
[monitor_data] 1776940001433,112589704,13566296,13566296,75405312,Phase 3.2
[monitor_data] 1776940001839,112589708,13565208,13565208,75405312,Phase 3.2
[monitor_data] 1776940002210,112589772,13565470,13565470,75405312,Phase 3.2
[monitor_data] 1776940002574,112589872,13565549,13565549,75405312,Phase 3.2
[monitor_data] 1776940002956,112589908,13564272,13564272,75405312,Phase 3.2
[monitor_data] 1776940003327,112589964,13563419,13563419,75405312,Phase 3.2
[monitor_data] 1776940003712,112589988,13564238,13564238,75405312,Phase 3.2
[monitor_data] 1776940004088,112590184,13563178,13563178,75405312,Phase 3.2
[monitor_data] 1776940004483,112590216,13562726,13562726,75405312,Phase 3.2
[monitor_data] 1776940004862,112590296,13562657,13562657,75405312,Phase 3.2
[monitor_data] 1776940005225,112590388,13563093,13563093,75405312,Phase 3.2
[monitor_data] 1776940005616,112590456,13564146,13564146,75405312,Phase 3.2
[monitor_data] 1776940005989,112590612,13561665,13561665,75405312,Phase 3.2
[monitor_data] 1776940006358,112590632,13561094,13561094,75405312,Phase 3.2
[monitor_data] 1776940006767,112590788,13561021,13561021,75405312,Phase 3.2
[monitor_data] 1776940007155,112590832,13561025,13561025,75405312,Phase 3.2
[monitor_data] 1776940007541,112590832,13558305,13558305,75405312,Phase 3.2
[monitor_data] 1776940007936,112590832,13556998,13556998,75405312,Phase 3.2
[monitor_data] 1776940008310,112590852,13556748,13556748,75405312,Phase 3.2
[monitor_data] 1776940008683,112590944,13556789,13556789,75405312,Phase 3.2
[monitor_data] 1776940009055,112591020,13557391,13557391,75405312,Phase 3.2
[monitor_data] 1776940009425,112591020,13560174,13560174,75405312,Phase 3.2
[monitor_data] 1776940009783,112591020,13564584,13564584,75405312,Phase 3.2
[monitor_data] 1776940010176,112591020,13568942,13568942,75405312,Phase 3.2
[monitor_data] 1776940010542,112591020,13573916,13573916,75405312,Phase 3.2
[monitor_data] 1776940010916,112591020,13578004,13578004,75405312,Phase 3.2
[monitor_data] 1776940011286,112591020,13580592,13580592,75405312,Phase 3.2
[monitor_data] 1776940011658,112591020,13582228,13582228,75405312,Phase 3.2
[monitor_data] 1776940012031,112591020,13582833,13582833,75405312,Phase 3.2
[monitor_data] 1776940012437,112591020,13583926,13583926,75405312,Phase 3.2
[monitor_data] 1776940012840,112591020,13581161,13581161,75405312,Phase 3.2
[monitor_data] 1776940013209,112591020,13580130,13580130,75405312,Phase 3.2
[monitor_data] 1776940013597,112591020,13579150,13579150,75405312,Phase 3.2
[monitor_data] 1776940013977,112591020,13578642,13578642,75405312,Phase 3.2
[monitor_data] 1776940014339,112591020,13576760,13576760,75405312,Phase 3.2
[monitor_data] 1776940014720,112591020,13575295,13575295,75405312,Phase 3.2
[monitor_data] 1776940015078,112591020,13575253,13575253,75405312,Phase 3.2
[monitor_data] 1776940015442,112591020,13575009,13575009,75405312,Phase 3.2
[monitor_data] 1776940015810,112591020,13574490,13574490,75405312,Phase 3.2
[monitor_data] 1776940016186,112591020,13573746,13573746,75405312,Phase 3.2
[monitor_data] 1776940016557,112591020,13572703,13572703,75405312,Phase 3.2
[monitor_data] 1776940016910,112591020,13571660,13571660,75405312,Phase 3.2
[monitor_data] 1776940017277,112591020,13568997,13568997,75405312,Phase 3.2
[monitor_data] 1776940017657,112591020,13567668,13567668,75405312,Phase 3.2
[monitor_data] 1776940018039,112591020,13566417,13566417,75405312,Phase 3.2
[monitor_data] 1776940018417,112591020,13562590,13562590,75405312,Phase 3.2
[monitor_data] 1776940018799,112591020,13557877,13557877,75405312,Phase 3.2
[monitor_data] 1776940019159,112591064,13557200,13557200,75405312,Phase 3.2
[monitor_data] 1776940019532,112591248,13560450,13560450,75405312,Phase 3.2
[monitor_data] 1776940019909,112591584,13562598,13562598,75405312,Phase 3.2
[monitor_data] 1776940020292,112591880,13564029,13564029,75405312,Phase 3.2
[monitor_data] 1776940020655,112592228,13567942,13567942,75405312,Phase 3.2
[monitor_data] 1776940021009,112592836,13575088,13575088,75405312,Phase 3.2
[monitor_data] 1776940021383,112593392,13580842,13580842,75405312,Phase 3.2
[monitor_data] 1776940021761,112593864,13586661,13586661,75405312,Phase 3.2
[monitor_data] 1776940022144,112594152,13589931,13589931,75405312,Phase 3.2
[monitor_data] 1776940022544,112594396,13589640,13589640,75405312,Phase 3.2
[monitor_data] 1776940022907,112594668,13593176,13593176,75405312,Phase 3.2
[monitor_data] 1776940023286,112594928,13595085,13595085,75405312,Phase 3.2
[monitor_data] 1776940023671,112595108,13594263,13594263,75405312,Phase 3.2
[monitor_data] 1776940024043,112595216,13595009,13595009,75405312,Phase 3.2
[monitor_data] 1776940024439,112595296,13595473,13595473,75405312,Phase 3.2
[monitor_data] 1776940024832,112595372,13594927,13594927,75405312,Phase 3.2
[monitor_data] 1776940025199,112595416,13593104,13593104,75405312,Phase 3.2
[monitor_data] 1776940025565,112595440,13590455,13590455,75405312,Phase 3.2
[monitor_data] 1776940025946,112595460,13589836,13589836,75405312,Phase 3.2
[monitor_data] 1776940026311,112595496,13588968,13588968,75405312,Phase 3.2
[monitor_data] 1776940026684,112595504,13588418,13588418,75405312,Phase 3.2
[monitor_data] 1776940027053,112595564,13587290,13587290,75405312,Phase 3.2
[monitor_data] 1776940027441,112595632,13586568,13586568,75405312,Phase 3.2
[monitor_data] 1776940027808,112595648,13585924,13585924,75405312,Phase 3.2
[monitor_data] 1776940028180,112595736,13585549,13585549,75405312,Phase 3.2
[monitor_data] 1776940028543,112595752,13585061,13585061,75405312,Phase 3.2
[monitor_data] 1776940028923,112595752,13583423,13583423,75405312,Phase 3.2
[monitor_data] 1776940029310,112595852,13583092,13583092,75405312,Phase 3.2
[monitor_data] 1776940029691,112595924,13583199,13583199,75405312,Phase 3.2
[monitor_data] 1776940030065,112595924,13582127,13582127,75405312,Phase 3.2
[monitor_data] 1776940030422,112595936,13579740,13579740,75405312,Phase 3.2
[monitor_data] 1776940030791,112596028,13579423,13579423,75405312,Phase 3.2
[monitor_data] 1776940031169,112596136,13579159,13579159,75405312,Phase 3.2
[monitor_data] 1776940031558,112596152,13577928,13577928,75405312,Phase 3.2
[monitor_data] 1776940031932,112596244,13577808,13577808,75405312,Phase 3.2
[monitor_data] 1776940032312,112596252,13577858,13577858,75405312,Phase 3.2
[monitor_data] 1776940032690,112596264,13576408,13576408,75405312,Phase 3.2
[monitor_data] 1776940033074,112596316,13575301,13575301,75405312,Phase 3.2
[monitor_data] 1776940033451,112596420,13576019,13576019,75405312,Phase 3.2
[monitor_data] 1776940033833,112596452,13573561,13573561,75405312,Phase 3.2
[monitor_data] 1776940034205,112596476,13572756,13572756,75405312,Phase 3.2
[monitor_data] 1776940034588,112596568,13572665,13572665,75405312,Phase 3.2
[monitor_data] 1776940034950,112596764,13575543,13575543,75405312,Phase 3.2
[monitor_data] 1776940035334,112596952,13577658,13577658,75405312,Phase 3.2
[monitor_data] 1776940035710,112597056,13577299,13577299,75405312,Phase 3.2
[monitor_data] 1776940036084,112597132,13575074,13575074,75405312,Phase 3.2
[monitor_data] 1776940036453,112597192,13573995,13573995,75405312,Phase 3.2
[monitor_data] 1776940036818,112597200,13572054,13572054,75405312,Phase 3.2
[monitor_data] 1776940037218,112597260,13571686,13571686,75405312,Phase 3.2
[monitor_data] 1776940037585,112597388,13571713,13571713,75405312,Phase 3.2
[monitor_data] 1776940037972,112597476,13571510,13571510,75405312,Phase 3.2
[monitor_data] 1776940038344,112597496,13569145,13569145,75405312,Phase 3.2
[monitor_data] 1776940038747,112597572,13569204,13569204,75405312,Phase 3.2
[monitor_data] 1776940039121,112597624,13567293,13567293,75405312,Phase 3.2
[monitor_data] 1776940039471,112597644,13567403,13567403,75405312,Phase 3.2
[monitor_data] 1776940039850,112597752,13567438,13567438,75405312,Phase 3.2
[monitor_data] 1776940040207,112597808,13566009,13566009,75405312,Phase 3.2
[monitor_data] 1776940040577,112597868,13564177,13564177,75405312,Phase 3.2
[monitor_data] 1776940040931,112597900,13562525,13562525,75405312,Phase 3.2
[monitor_data] 1776940041302,112597904,13562470,13562470,75405312,Phase 3.2
[monitor_data] 1776940041691,112597904,13562470,13562470,75405312,Phase 3.2
[monitor_data] 1776940042064,112597904,13562470,13562470,75405312,Phase 3.2
[monitor_data] 1776940042424,112597904,13562470,13562470,75405312,Phase 3.2
[monitor_data] 1776940042813,112597904,13562470,13562470,75405312,Phase 3.2
[monitor_data] 1776940043186,112597904,13562470,13562470,75405312,Phase 3.2
[monitor_data] 1776940043574,112597904,13562470,13562470,75405312,Phase 3.2
[monitor_data] 1776940043970,112597904,13562470,13562470,75405312,Phase 3.2
[monitor_data] 1776940044333,112597904,13562470,13562470,75405312,Phase 3.2
[monitor_data] 1776940044687,112597904,13562470,13562470,75405312,Phase 3.2
[monitor_data] 1776940045077,112597904,13562470,13562470,75405312,Phase 3.2
[monitor_data] 1776940045445,112597904,13562470,13562470,75405312,Phase 3.2
[monitor_data] 1776940045826,112597904,13562470,13562470,75405312,Phase 3.2
[monitor_data] 1776940046172,112597904,13708072,13708072,75405312,Phase 3.2
[monitor_data] 1776940046557,112743508,13703525,13703525,74905600,Phase 3.2
[monitor_data] 1776940046924,112744136,13602538,13602538,72728576,Phase 3.2
[monitor_data] 1776940048246,112744904,13246970,13246970,72151040,Phase 3.2
[monitor_data] 1776940048606,112745612,13149131,13149131,71559168,Phase 3.2
[monitor_data] 1776940048983,112746320,13045530,13045530,70940672,Phase 3.2
[monitor_data] 1776940049366,112746896,12947756,12947756,70348800,Phase 3.2
[monitor_data] 1776940049732,112747476,12845883,12845883,69785600,Phase 3.2
[monitor_data] 1776940050095,112747988,12748045,12748045,69185536,Phase 3.2
[monitor_data] 1776940050466,112748440,12645980,12645980,68558848,Phase 3.2
[monitor_data] 1776940050865,112748952,12547373,12547373,67985408,Phase 3.2
[monitor_data] 1776940051233,112749340,12450943,12450943,67395584,Phase 3.2
[monitor_data] 1776940051615,112749724,12345101,12345101,66799616,Phase 3.2
[monitor_data] 1776940052003,112750048,12249375,12249375,66224128,Phase 3.2
[monitor_data] 1776940052368,112750368,12151857,12151857,65669120,Phase 3.2
[monitor_data] 1776940052727,112750624,12058373,12058373,65107968,Phase 3.2
[monitor_data] 1776940053087,112750816,11963351,11963351,64555008,Phase 3.2
[monitor_data] 1776940053451,112751076,11866217,11866217,63965184,Phase 3.2
[monitor_data] 1776940053841,112751268,11770684,11770684,63412224,Phase 3.2
[monitor_data] 1776940054203,112751460,11678161,11678161,62857216,Phase 3.2
[monitor_data] 1776940054573,112751588,11586981,11586981,62320640,Phase 3.2
[monitor_data] 1776940054937,112751792,11493241,11493241,61779968,Phase 3.2
[monitor_data] 1776940055313,112751924,11403023,11403023,61263872,Phase 3.2
[monitor_data] 1776940055677,112751988,11317479,11317479,60737536,Phase 3.2
[monitor_data] 1776940056044,112752052,11219833,11219833,60184576,Phase 3.2
[monitor_data] 1776940056428,112752196,11125517,11125517,59625472,Phase 3.2
[monitor_data] 1776940056823,112752196,11037988,11037988,59140096,Phase 3.2
[monitor_data] 1776940057181,112752260,10951804,10951804,58662912,Phase 3.2
[monitor_data] 1776940057555,112752260,10903335,10903335,58611712,Phase 3.3
[monitor_data] 1776940057931,112752260,10903335,10903335,58611712,Phase 3.3
[monitor_data] 1776940058305,112752260,10903335,10903335,58611712,Phase 3.3
[monitor_data] 1776940058682,112752260,10903335,10903335,58611712,Phase 3.3
[monitor_data] 1776940059066,112752260,10903335,10903335,58611712,Phase 3.3
[monitor_data] 1776940059425,112752260,10903335,10903335,58611712,Phase 3.3
[monitor_data] 1776940059793,112752260,10903335,10903335,58611712,Phase 3.3
[monitor_data] 1776940060176,112752260,10903335,10903335,58611712,Phase 3.3
[monitor_data] 1776940060539,112752260,10903335,10903335,58611712,Phase 3.3
[monitor_data] 1776940060910,112752260,10903335,10903335,58611712,Phase 3.3
[monitor_data] 1776940061279,112752260,10903335,10903335,58611712,Phase 3.3
[monitor_data] 1776940061636,112752260,10903335,10903335,58611712,Phase 3.3
[monitor_data] 1776940062015,112752260,10903335,10903335,58611712,Phase 3.3
[monitor_data] 1776940062380,112752260,10903335,10903335,58611712,Phase 3.3
[monitor_data] 1776940062745,112752260,10903335,10903335,58611712,Phase 3.3
[monitor_data] 1776940063114,112752260,10903335,10903335,58611712,Phase 3.3
[monitor_data] 1776940063482,112752260,10903335,10903335,58611712,Phase 3.3
[monitor_data] 1776940063873,112752260,10903335,10903335,58611712,Phase 3.3
[monitor_data] 1776940064254,112752260,10903339,10903339,58609664,Phase 3.3
[monitor_data] 1776940064626,112752276,12651702,12651702,58609664,Phase 3.3
[monitor_data] 1776940064994,112752276,12655938,12655938,58609664,Phase 3.3
[monitor_data] 1776940065369,112752276,12660345,12660345,58609664,Phase 3.3
[monitor_data] 1776940065742,112752276,12665533,12665533,58609664,Phase 3.3
[monitor_data] 1776940066094,112752276,12669576,12669576,58609664,Phase 3.3
[monitor_data] 1776940066453,112752276,12674087,12674087,58609664,Phase 3.3
[monitor_data] 1776940066840,112752276,12674567,12674567,58609664,Phase 3.3
[monitor_data] 1776940067205,112752276,12673873,12673873,58609664,Phase 3.3
[monitor_data] 1776940067586,112752276,12674341,12674341,58609664,Phase 3.3
[monitor_data] 1776940067937,112752276,12674208,12674208,58609664,Phase 3.3
[monitor_data] 1776940068313,112752276,12674019,12674019,58609664,Phase 3.3
[monitor_data] 1776940068681,112752276,12674877,12674877,58609664,Phase 3.3
[monitor_data] 1776940069060,112752276,12677075,12677075,58609664,Phase 3.3
[monitor_data] 1776940069434,112752276,12680404,12680404,58609664,Phase 3.3
[monitor_data] 1776940069795,112752276,12680472,12680472,58609664,Phase 3.3
[monitor_data] 1776940070175,112752276,12683412,12683412,58609664,Phase 3.3
[monitor_data] 1776940070549,112752276,12684805,12684805,58609664,Phase 3.3
[monitor_data] 1776940070947,112752276,12688186,12688186,58609664,Phase 3.3
[monitor_data] 1776940071347,112752276,12689633,12689633,58609664,Phase 3.3
[monitor_data] 1776940071719,112752276,12690976,12690976,58609664,Phase 3.3
[monitor_data] 1776940072097,112752276,12692141,12692141,58609664,Phase 3.3
[monitor_data] 1776940072471,112752276,12694885,12694885,58609664,Phase 3.3
[monitor_data] 1776940072830,112752276,12696695,12696695,58609664,Phase 3.3
[monitor_data] 1776940073201,112752276,12700204,12700204,58609664,Phase 3.3
[monitor_data] 1776940073586,112752276,12701706,12701706,58609664,Phase 3.3
[monitor_data] 1776940073944,112752276,12702540,12702540,58609664,Phase 3.3
[monitor_data] 1776940074358,112752276,12704591,12704591,58609664,Phase 3.3
[monitor_data] 1776940074725,112752276,12705966,12705966,58609664,Phase 3.3
[monitor_data] 1776940075079,112752276,12706949,12706949,58609664,Phase 3.3
[monitor_data] 1776940075460,112752276,12707680,12707680,58609664,Phase 3.3
[monitor_data] 1776940075856,112752276,12707507,12707507,58609664,Phase 3.3
[monitor_data] 1776940076211,112752276,12709458,12709458,58609664,Phase 3.3
[monitor_data] 1776940076576,112752276,12709467,12709467,58609664,Phase 3.3
[monitor_data] 1776940076956,112752276,12707066,12707066,58609664,Phase 3.3
[monitor_data] 1776940077353,112752276,12706520,12706520,58609664,Phase 3.3
[monitor_data] 1776940077729,112752276,12705555,12705555,58609664,Phase 3.3
[monitor_data] 1776940078097,112752276,12705438,12705438,58609664,Phase 3.3
[monitor_data] 1776940078467,112752276,12704873,12704873,58609664,Phase 3.3
[monitor_data] 1776940078836,112752276,12705131,12705131,58609664,Phase 3.3
[monitor_data] 1776940079206,112752276,12704980,12704980,58609664,Phase 3.3
[monitor_data] 1776940079584,112752276,12704479,12704479,58609664,Phase 3.3
[monitor_data] 1776940079940,112752276,12703631,12703631,58609664,Phase 3.3
[monitor_data] 1776940080345,112752276,12703197,12703197,58609664,Phase 3.3
[monitor_data] 1776940080720,112752276,12702902,12702902,58609664,Phase 3.3
[monitor_data] 1776940081099,112752276,12702934,12702934,58609664,Phase 3.3
[monitor_data] 1776940081474,112752276,12701735,12701735,58609664,Phase 3.3
[monitor_data] 1776940081836,112752276,12701744,12701744,58609664,Phase 3.3
[monitor_data] 1776940082203,112752276,12701062,12701062,58609664,Phase 3.3
[monitor_data] 1776940082600,112752276,12701153,12701153,58609664,Phase 3.3
[monitor_data] 1776940082967,112752276,12700191,12700191,58609664,Phase 3.3
[monitor_data] 1776940083336,112752276,12698109,12698109,58609664,Phase 3.3
[monitor_data] 1776940083694,112752276,12697670,12697670,58609664,Phase 3.3
[monitor_data] 1776940084072,112752276,12697238,12697238,58609664,Phase 3.3
[monitor_data] 1776940084428,112752276,12695308,12695308,58609664,Phase 3.3
[monitor_data] 1776940084781,112752276,12696526,12696526,58609664,Phase 3.3
[monitor_data] 1776940085184,112752276,12694174,12694174,58609664,Phase 3.3
[monitor_data] 1776940085551,112752276,12694521,12694521,58609664,Phase 3.3
[monitor_data] 1776940085922,112752276,12693963,12693963,58609664,Phase 3.3
[monitor_data] 1776940086292,112752276,12693108,12693108,58609664,Phase 3.3
[monitor_data] 1776940086659,112752276,12691779,12691779,58609664,Phase 3.3
[monitor_data] 1776940087036,112752276,12688809,12688809,58609664,Phase 3.3
[monitor_data] 1776940087432,112752276,12688425,12688425,58609664,Phase 3.3
[monitor_data] 1776940087810,112752276,12686768,12686768,58609664,Phase 3.3
[monitor_data] 1776940088197,112752276,12686240,12686240,58609664,Phase 3.3
[monitor_data] 1776940088573,112752276,12683918,12683918,58609664,Phase 3.3
[monitor_data] 1776940088938,112752276,12683230,12683230,58609664,Phase 3.3
[monitor_data] 1776940089288,112752276,12680966,12680966,58609664,Phase 3.3
[monitor_data] 1776940089640,112752276,12680967,12680967,58609664,Phase 3.3
[monitor_data] 1776940090018,112752276,12679231,12679231,58609664,Phase 3.3
[monitor_data] 1776940090384,112752276,12679328,12679328,58609664,Phase 3.3
[monitor_data] 1776940090741,112752276,12678935,12678935,58609664,Phase 3.3
[monitor_data] 1776940091128,112752276,12678517,12678517,58609664,Phase 3.3
[monitor_data] 1776940091500,112752276,12679052,12679052,58609664,Phase 3.3
[monitor_data] 1776940091892,112752276,12677013,12677013,58609664,Phase 3.3
[monitor_data] 1776940092262,112752276,12674911,12674911,58609664,Phase 3.3
[monitor_data] 1776940092637,112752276,12672473,12672473,58609664,Phase 3.3
[monitor_data] 1776940093007,112752276,12671685,12671685,58609664,Phase 3.3
[monitor_data] 1776940093356,112752276,12671112,12671112,58609664,Phase 3.3
[monitor_data] 1776940093762,112752276,12670250,12670250,58609664,Phase 3.3
[monitor_data] 1776940094133,112752276,12670499,12670499,58609664,Phase 3.3
[monitor_data] 1776940094503,112752276,12671289,12671289,58609664,Phase 3.3
[monitor_data] 1776940094894,112752276,12672249,12672249,58609664,Phase 3.3
[monitor_data] 1776940095259,112752276,12671858,12671858,58609664,Phase 3.3
[monitor_data] 1776940095649,112752276,12669394,12669394,58609664,Phase 3.3
[monitor_data] 1776940096019,112752276,12668594,12668594,58609664,Phase 3.3
[monitor_data] 1776940096375,112752276,12668657,12668657,58609664,Phase 3.3
[monitor_data] 1776940096730,112752276,12667883,12667883,58609664,Phase 3.3
[monitor_data] 1776940097105,112752276,12667527,12667527,58609664,Phase 3.3
[monitor_data] 1776940097468,112752276,12666479,12666479,58609664,Phase 3.3
[monitor_data] 1776940097857,112752276,12668434,12668434,58609664,Phase 3.3
[monitor_data] 1776940098236,112752276,12667341,12667341,58609664,Phase 3.3
[monitor_data] 1776940098607,112752276,12665835,12665835,58609664,Phase 3.3
[monitor_data] 1776940098973,112752276,12665877,12665877,58609664,Phase 3.3
[monitor_data] 1776940099339,112752276,12665001,12665001,58609664,Phase 3.3
[monitor_data] 1776940099714,112752276,12664347,12664347,58609664,Phase 3.3
[monitor_data] 1776940100086,112752276,12664555,12664555,58609664,Phase 3.3
[monitor_data] 1776940100469,112752276,12662743,12662743,58609664,Phase 3.3
[monitor_data] 1776940100843,112752276,12661399,12661399,58609664,Phase 3.3
[monitor_data] 1776940101213,112752276,12659891,12659891,58609664,Phase 3.3
[monitor_data] 1776940101578,112752276,12658568,12658568,58609664,Phase 3.3
[monitor_data] 1776940101932,112752276,12657048,12657048,58609664,Phase 3.3
[monitor_data] 1776940102324,112752276,12656484,12656484,58609664,Phase 3.3
[monitor_data] 1776940102691,112752276,12655287,12655287,58609664,Phase 3.3
[monitor_data] 1776940103073,112752276,12654884,12654884,58609664,Phase 3.3
[monitor_data] 1776940103442,112752276,12653652,12653652,58609664,Phase 3.3
[monitor_data] 1776940103823,112752276,12653514,12653514,58609664,Phase 3.3
[monitor_data] 1776940104206,112752276,12656741,12656741,58609664,Phase 3.3
[monitor_data] 1776940104586,112752276,12659735,12659735,58609664,Phase 3.3
[monitor_data] 1776940104972,112752276,12663527,12663527,58609664,Phase 3.3
[monitor_data] 1776940105328,112752276,12665824,12665824,58609664,Phase 3.3
[monitor_data] 1776940105692,112752276,12669311,12669311,58609664,Phase 3.3
[monitor_data] 1776940106045,112752276,12673777,12673777,58609664,Phase 3.3
[monitor_data] 1776940106449,112752276,12678594,12678594,58609664,Phase 3.3
[monitor_data] 1776940106817,112752276,12682840,12682840,58609664,Phase 3.3
[monitor_data] 1776940107190,112752276,12686101,12686101,58609664,Phase 3.3
[monitor_data] 1776940107552,112752276,12689792,12689792,58609664,Phase 3.3
[monitor_data] 1776940107933,112752276,12694069,12694069,58609664,Phase 3.3
[monitor_data] 1776940108316,112752276,12697611,12697611,58609664,Phase 3.3
[monitor_data] 1776940108684,112752276,12697941,12697941,58609664,Phase 3.3
[monitor_data] 1776940109052,112752276,12700160,12700160,58609664,Phase 3.3
[monitor_data] 1776940109413,112752276,12704864,12704864,58609664,Phase 3.3
[monitor_data] 1776940109790,112752276,12707010,12707010,58609664,Phase 3.3
[monitor_data] 1776940110155,112752276,12705824,12705824,58609664,Phase 3.3
[monitor_data] 1776940110523,112752276,12707191,12707191,58609664,Phase 3.3
[monitor_data] 1776940110907,112752276,12706816,12706816,58609664,Phase 3.3
[monitor_data] 1776940111311,112752276,12708215,12708215,58609664,Phase 3.3
[monitor_data] 1776940111674,112752276,12708412,12708412,58609664,Phase 3.3
[monitor_data] 1776940112050,112752276,12709043,12709043,58609664,Phase 3.3
[monitor_data] 1776940112413,112752276,12708950,12708950,58609664,Phase 3.3
[monitor_data] 1776940112765,112752276,12706911,12706911,58609664,Phase 3.3
[monitor_data] 1776940113137,112752276,12706869,12706869,58609664,Phase 3.3
[monitor_data] 1776940113499,112752276,12704889,12704889,58609664,Phase 3.3
[monitor_data] 1776940113850,112752276,12703220,12703220,58609664,Phase 3.3
[monitor_data] 1776940114201,112752276,12702343,12702343,58609664,Phase 3.3
[monitor_data] 1776940114566,112752276,12701865,12701865,58609664,Phase 3.3
[monitor_data] 1776940114933,112752276,12701358,12701358,58609664,Phase 3.3
[monitor_data] 1776940115304,112752276,12700259,12700259,58609664,Phase 3.3
[monitor_data] 1776940115653,112752276,12699985,12699985,58609664,Phase 3.3
[monitor_data] 1776940116026,112752276,12698382,12698382,58609664,Phase 3.3
[monitor_data] 1776940116409,112752276,12697642,12697642,58609664,Phase 3.3
[monitor_data] 1776940116775,112752276,12695876,12695876,58609664,Phase 3.3
[monitor_data] 1776940117149,112752276,12694129,12694129,58609664,Phase 3.3
[monitor_data] 1776940117527,112752276,12695900,12695900,58609664,Phase 3.3
[monitor_data] 1776940117906,112752276,12694749,12694749,58609664,Phase 3.3
[monitor_data] 1776940118286,112752276,12693508,12693508,58609664,Phase 3.3
[monitor_data] 1776940118658,112752276,12694444,12694444,58609664,Phase 3.3
[monitor_data] 1776940119033,112752276,12693357,12693357,58609664,Phase 3.3
[monitor_data] 1776940119400,112752276,12693180,12693180,58609664,Phase 3.3
[monitor_data] 1776940119760,112752276,12692500,12692500,58609664,Phase 3.3
[monitor_data] 1776940120119,112752276,12692923,12692923,58609664,Phase 3.3
[monitor_data] 1776940120506,112752276,12691245,12691245,58609664,Phase 3.3
[monitor_data] 1776940120863,112752276,12691200,12691200,58609664,Phase 3.3
[monitor_data] 1776940121239,112752276,12690693,12690693,58609664,Phase 3.3
[monitor_data] 1776940121598,112752276,12690944,12690944,58609664,Phase 3.3
[monitor_data] 1776940121974,112752276,12688966,12688966,58609664,Phase 3.3
[monitor_data] 1776940122338,112752276,12688768,12688768,58609664,Phase 3.3
[monitor_data] 1776940122695,112752276,12688580,12688580,58609664,Phase 3.3
[monitor_data] 1776940123098,112752276,12686261,12686261,58609664,Phase 3.3
[monitor_data] 1776940123456,112752276,12684338,12684338,58609664,Phase 3.3
[monitor_data] 1776940123814,112752276,12683039,12683039,58609664,Phase 3.3
[monitor_data] 1776940124186,112752276,12682869,12682869,58609664,Phase 3.3
[monitor_data] 1776940124564,112752276,12681191,12681191,58609664,Phase 3.3
[monitor_data] 1776940124932,112752276,12679198,12679198,58609664,Phase 3.3
[monitor_data] 1776940125290,112752276,12678212,12678212,58609664,Phase 3.3
[monitor_data] 1776940125667,112752276,12677319,12677319,58609664,Phase 3.3
[monitor_data] 1776940126053,112752276,12674689,12674689,58609664,Phase 3.3
[monitor_data] 1776940126416,112752276,12674659,12674659,58609664,Phase 3.3
[monitor_data] 1776940126782,112752276,12671184,12671184,58609664,Phase 3.3
[monitor_data] 1776940127153,112752276,12666371,12666371,58609664,Phase 3.3
[monitor_data] 1776940127539,112752276,12662578,12662578,58609664,Phase 3.3
[monitor_data] 1776940127914,112752276,12659898,12659898,58609664,Phase 3.3
[monitor_data] 1776940128273,112752276,12657096,12657096,58609664,Phase 3.3
[monitor_data] 1776940128640,112752276,12656998,12656998,58609664,Phase 3.3
[monitor_data] 1776940129013,112752276,12656998,12656998,58609664,Phase 3.3
[monitor_data] 1776940129389,112752276,12656998,12656998,58609664,Phase 3.3
[monitor_data] 1776940129759,112752276,12656998,12656998,58609664,Phase 3.3
[monitor_data] 1776940130131,112752276,12656998,12656998,58609664,Phase 3.3
[monitor_data] 1776940130494,112752276,12656998,12656998,58609664,Phase 3.3
[monitor_data] 1776940130862,112752276,12656998,12656998,58609664,Phase 3.3
[monitor_data] 1776940131224,112752276,12656998,12656998,58609664,Phase 3.3
[monitor_data] 1776940131589,112752276,12656998,12656998,58609664,Phase 3.3
[monitor_data] 1776940131958,112752276,12656998,12656998,58609664,Phase 3.3
[monitor_data] 1776940132320,112752276,10622445,10622445,58609664,Phase 3.3
[monitor_data] 1776940132693,110717724,10601952,10601952,58118144,Phase 3.3
[monitor_data] 1776940133081,110718588,10504615,10504615,57399296,Phase 3.3
[monitor_data] 1776940133449,110719484,10408174,10408174,56674304,Phase 3.3
[monitor_data] 1776940133814,110720320,10308019,10308019,55963648,Phase 3.3
[monitor_data] 1776940134176,110721088,10215228,10215228,55244800,Phase 3.3
[monitor_data] 1776940134549,110721792,10112768,10112768,54525952,Phase 3.3
[monitor_data] 1776940134923,110722432,10018697,10018697,53798912,Phase 3.3
[monitor_data] 1776940135294,110723008,9918606,9918606,53080064,Phase 3.3
[monitor_data] 1776940135663,110723584,9820565,9820565,52379648,Phase 3.3
[monitor_data] 1776940136024,110724032,9727646,9727646,51671040,Phase 3.3
[monitor_data] 1776940136392,110724420,9630821,9630821,50966528,Phase 3.3
[monitor_data] 1776940136758,110724804,9531819,9531819,50227200,Phase 3.3
[monitor_data] 1776940137123,110725124,9427309,9427309,48003072,Phase 3.3
[monitor_data] 1776940138231,110725252,9132095,9132095,47329280,Phase 3.3
[monitor_data] 1776940138604,110725508,9037704,9037704,46626816,Phase 3.3
[monitor_data] 1776940138980,110725636,8941328,8941328,45959168,Phase 3.3
[monitor_data] 1776940139342,110725828,8850651,8850651,45273088,Phase 3.3
[monitor_data] 1776940139705,110725956,8756517,8756517,44564480,Phase 3.3
[monitor_data] 1776940140090,110726020,8658732,8658732,43868160,Phase 3.3
[monitor_data] 1776940140472,110726148,8567607,8567607,43261952,Phase 3.3
[monitor_data] 1776940140822,110726148,8482438,8482438,42612736,Phase 3.3
[monitor_data] 1776940141205,110726212,8394388,8394388,42074112,Phase 3.4
[monitor_data] 1776940141581,110726212,8358720,8358720,42074112,Phase 3.4
[monitor_data] 1776940141946,110726212,8358720,8358720,42074112,Phase 3.4
[monitor_data] 1776940142303,110726212,8358720,8358720,42074112,Phase 3.4
[monitor_data] 1776940142662,110726212,8358720,8358720,42074112,Phase 3.4
[monitor_data] 1776940143037,110726212,8358720,8358720,42074112,Phase 3.4
[monitor_data] 1776940143383,110726212,8358720,8358720,42074112,Phase 3.4
[monitor_data] 1776940143771,110726212,8358720,8358720,42074112,Phase 3.4
[monitor_data] 1776940144126,110726212,8358720,8358720,42074112,Phase 3.4
[monitor_data] 1776940144477,110726212,8358720,8358720,42074112,Phase 3.4
[monitor_data] 1776940144835,110726212,8358720,8358720,42074112,Phase 3.4
[monitor_data] 1776940145217,110726212,8358720,8358720,42074112,Phase 3.4
[monitor_data] 1776940145593,110726212,8358720,8358720,42074112,Phase 3.4
[monitor_data] 1776940145956,110726212,8358720,8358720,42074112,Phase 3.4
[monitor_data] 1776940146311,110726212,8358720,8358720,42074112,Phase 3.4
[monitor_data] 1776940146706,110726212,8358720,8358720,42074112,Phase 3.4
[monitor_data] 1776940147090,110726212,8358720,8358720,42074112,Phase 3.4
[monitor_data] 1776940147450,110726212,8358720,8358720,42074112,Phase 3.4
[monitor_data] 1776940147808,110726212,8358720,8358720,42072064,Phase 3.4
[monitor_data] 1776940148166,110726212,9581810,9581810,42072064,Phase 3.4
[monitor_data] 1776940148556,110726212,9585274,9585274,42072064,Phase 3.4
[monitor_data] 1776940148939,110726212,9587884,9587884,42072064,Phase 3.4
[monitor_data] 1776940149284,110726212,9590507,9590507,42072064,Phase 3.4
[monitor_data] 1776940149643,110726212,9592844,9592844,42072064,Phase 3.4
[monitor_data] 1776940150026,110726212,9591863,9591863,42072064,Phase 3.4
[monitor_data] 1776940150405,110726212,9592966,9592966,42072064,Phase 3.4
[monitor_data] 1776940150769,110726212,9593983,9593983,42072064,Phase 3.4
[monitor_data] 1776940151153,110726212,9594669,9594669,42072064,Phase 3.4
[monitor_data] 1776940151516,110726212,9597687,9597687,42072064,Phase 3.4
[monitor_data] 1776940151881,110726212,9599611,9599611,42072064,Phase 3.4
[monitor_data] 1776940152252,110726212,9602606,9602606,42072064,Phase 3.4
[monitor_data] 1776940152619,110726212,9604010,9604010,42072064,Phase 3.4
[monitor_data] 1776940152977,110726212,9605610,9605610,42072064,Phase 3.4
[monitor_data] 1776940153357,110726212,9607788,9607788,42072064,Phase 3.4
[monitor_data] 1776940153717,110726212,9607811,9607811,42072064,Phase 3.4
[monitor_data] 1776940154100,110726212,9609792,9609792,42072064,Phase 3.4
[monitor_data] 1776940154464,110726212,9611006,9611006,42072064,Phase 3.4
[monitor_data] 1776940154835,110726212,9610268,9610268,42072064,Phase 3.4
[monitor_data] 1776940155199,110726212,9610595,9610595,42072064,Phase 3.4
[monitor_data] 1776940155563,110726212,9610555,9610555,42072064,Phase 3.4
[monitor_data] 1776940155923,110726212,9611745,9611745,42072064,Phase 3.4
[monitor_data] 1776940156283,110726212,9614187,9614187,42072064,Phase 3.4
[monitor_data] 1776940156665,110726212,9612864,9612864,42072064,Phase 3.4
[monitor_data] 1776940157027,110726212,9612607,9612607,42072064,Phase 3.4
[monitor_data] 1776940157406,110726212,9611568,9611568,42072064,Phase 3.4
[monitor_data] 1776940157769,110726212,9609199,9609199,42072064,Phase 3.4
[monitor_data] 1776940158143,110726212,9609101,9609101,42072064,Phase 3.4
[monitor_data] 1776940158504,110726212,9609306,9609306,42072064,Phase 3.4
[monitor_data] 1776940158895,110726212,9608487,9608487,42072064,Phase 3.4
[monitor_data] 1776940159283,110726212,9607116,9607116,42072064,Phase 3.4
[monitor_data] 1776940159638,110726212,9606915,9606915,42072064,Phase 3.4
[monitor_data] 1776940160007,110726212,9606184,9606184,42072064,Phase 3.4
[monitor_data] 1776940160387,110726212,9604594,9604594,42072064,Phase 3.4
[monitor_data] 1776940160774,110726212,9604749,9604749,42072064,Phase 3.4
[monitor_data] 1776940161163,110726212,9603740,9603740,42072064,Phase 3.4
[monitor_data] 1776940161525,110726212,9601466,9601466,42072064,Phase 3.4
[monitor_data] 1776940161882,110726212,9601242,9601242,42072064,Phase 3.4
[monitor_data] 1776940162257,110726212,9600382,9600382,42072064,Phase 3.4
[monitor_data] 1776940162623,110726212,9602129,9602129,42072064,Phase 3.4
[monitor_data] 1776940162982,110726212,9599779,9599779,42072064,Phase 3.4
[monitor_data] 1776940163344,110726212,9599809,9599809,42072064,Phase 3.4
[monitor_data] 1776940163695,110726212,9598669,9598669,42072064,Phase 3.4
[monitor_data] 1776940164083,110726212,9598492,9598492,42072064,Phase 3.4
[monitor_data] 1776940164470,110726212,9596083,9596083,42072064,Phase 3.4
[monitor_data] 1776940164822,110726212,9595838,9595838,42072064,Phase 3.4
[monitor_data] 1776940165203,110726212,9595480,9595480,42072064,Phase 3.4
[monitor_data] 1776940165567,110726212,9595001,9595001,42072064,Phase 3.4
[monitor_data] 1776940165942,110726212,9594723,9594723,42072064,Phase 3.4
[monitor_data] 1776940166341,110726212,9594004,9594004,42072064,Phase 3.4
[monitor_data] 1776940166734,110726212,9594809,9594809,42072064,Phase 3.4
[monitor_data] 1776940167095,110726212,9594207,9594207,42072064,Phase 3.4
[monitor_data] 1776940167480,110726212,9593617,9593617,42072064,Phase 3.4
[monitor_data] 1776940167867,110726212,9593357,9593357,42072064,Phase 3.4
[monitor_data] 1776940168252,110726212,9593095,9593095,42072064,Phase 3.4
[monitor_data] 1776940168634,110726212,9592780,9592780,42072064,Phase 3.4
[monitor_data] 1776940169005,110726212,9592564,9592564,42072064,Phase 3.4
[monitor_data] 1776940169392,110726212,9592339,9592339,42072064,Phase 3.4
[monitor_data] 1776940169762,110726212,9591335,9591335,42072064,Phase 3.4
[monitor_data] 1776940170111,110726212,9590594,9590594,42072064,Phase 3.4
[monitor_data] 1776940170483,110726212,9590508,9590508,42072064,Phase 3.4
[monitor_data] 1776940170870,110726212,9589965,9589965,42072064,Phase 3.4
[monitor_data] 1776940171230,110726212,9589622,9589622,42072064,Phase 3.4
[monitor_data] 1776940171591,110726212,9590883,9590883,42072064,Phase 3.4
[monitor_data] 1776940171954,110726212,9593333,9593333,42072064,Phase 3.4
[monitor_data] 1776940172342,110726212,9594511,9594511,42072064,Phase 3.4
[monitor_data] 1776940172690,110726212,9593117,9593117,42072064,Phase 3.4
[monitor_data] 1776940173056,110726212,9592616,9592616,42072064,Phase 3.4
[monitor_data] 1776940173406,110726212,9592113,9592113,42072064,Phase 3.4
[monitor_data] 1776940173776,110726212,9591206,9591206,42072064,Phase 3.4
[monitor_data] 1776940174141,110726212,9593313,9593313,42072064,Phase 3.4
[monitor_data] 1776940174513,110726212,9591837,9591837,42072064,Phase 3.4
[monitor_data] 1776940174870,110726212,9590822,9590822,42072064,Phase 3.4
[monitor_data] 1776940175236,110726212,9590336,9590336,42072064,Phase 3.4
[monitor_data] 1776940175608,110726212,9589037,9589037,42072064,Phase 3.4
[monitor_data] 1776940175976,110726212,9589077,9589077,42072064,Phase 3.4
[monitor_data] 1776940176356,110726212,9588093,9588093,42072064,Phase 3.4
[monitor_data] 1776940176732,110726212,9587554,9587554,42072064,Phase 3.4
[monitor_data] 1776940177121,110726212,9587710,9587710,42072064,Phase 3.4
[monitor_data] 1776940177508,110726212,9589403,9589403,42072064,Phase 3.4
[monitor_data] 1776940177874,110726212,9592674,9592674,42072064,Phase 3.4
[monitor_data] 1776940178240,110726212,9594927,9594927,42072064,Phase 3.4
[monitor_data] 1776940178591,110726212,9596442,9596442,42072064,Phase 3.4
[monitor_data] 1776940178958,110726212,9597901,9597901,42072064,Phase 3.4
[monitor_data] 1776940179333,110726212,9599048,9599048,42072064,Phase 3.4
[monitor_data] 1776940179707,110726212,9603394,9603394,42072064,Phase 3.4
[monitor_data] 1776940180064,110726212,9604214,9604214,42072064,Phase 3.4
[monitor_data] 1776940180448,110726212,9604769,9604769,42072064,Phase 3.4
[monitor_data] 1776940180820,110726212,9605874,9605874,42072064,Phase 3.4
[monitor_data] 1776940181199,110726212,9605118,9605118,42072064,Phase 3.4
[monitor_data] 1776940181586,110726212,9604691,9604691,42072064,Phase 3.4
[monitor_data] 1776940181963,110726212,9604551,9604551,42072064,Phase 3.4
[monitor_data] 1776940182334,110726212,9603910,9603910,42072064,Phase 3.4
[monitor_data] 1776940182730,110726212,9602608,9602608,42072064,Phase 3.4
[monitor_data] 1776940183105,110726212,9603675,9603675,42072064,Phase 3.4
[monitor_data] 1776940183476,110726212,9600840,9600840,42072064,Phase 3.4
[monitor_data] 1776940183842,110726212,9600423,9600423,42072064,Phase 3.4
[monitor_data] 1776940184189,110726212,9599780,9599780,42072064,Phase 3.4
[monitor_data] 1776940184545,110726212,9599160,9599160,42072064,Phase 3.4
[monitor_data] 1776940184901,110726212,9599066,9599066,42072064,Phase 3.4
[monitor_data] 1776940185267,110726212,9598887,9598887,42072064,Phase 3.4
[monitor_data] 1776940185635,110726212,9598527,9598527,42072064,Phase 3.4
[monitor_data] 1776940186003,110726212,9598360,9598360,42072064,Phase 3.4
[monitor_data] 1776940186358,110726212,9599066,9599066,42072064,Phase 3.4
[monitor_data] 1776940186724,110726212,9597307,9597307,42072064,Phase 3.4
[monitor_data] 1776940187075,110726212,9596956,9596956,42072064,Phase 3.4
[monitor_data] 1776940187448,110726212,9599062,9599062,42072064,Phase 3.4
[monitor_data] 1776940187827,110726212,9599262,9599262,42072064,Phase 3.4
[monitor_data] 1776940188196,110726212,9601117,9601117,42072064,Phase 3.4
[monitor_data] 1776940188581,110726212,9598588,9598588,42072064,Phase 3.4
[monitor_data] 1776940188967,110726212,9597061,9597061,42072064,Phase 3.4
[monitor_data] 1776940189345,110726212,9596864,9596864,42072064,Phase 3.4
[monitor_data] 1776940189700,110726212,9596543,9596543,42072064,Phase 3.4
[monitor_data] 1776940190085,110726212,9595718,9595718,42072064,Phase 3.4
[monitor_data] 1776940190458,110726212,9596489,9596489,42072064,Phase 3.4
[monitor_data] 1776940190804,110726212,9597490,9597490,42072064,Phase 3.4
[monitor_data] 1776940191177,110726212,9597035,9597035,42072064,Phase 3.4
[monitor_data] 1776940191554,110726212,9598497,9598497,42072064,Phase 3.4
[monitor_data] 1776940191906,110726212,9598052,9598052,42072064,Phase 3.4
[monitor_data] 1776940192273,110726212,9599993,9599993,42072064,Phase 3.4
[monitor_data] 1776940192636,110726212,9598174,9598174,42072064,Phase 3.4
[monitor_data] 1776940193006,110726212,9597729,9597729,42072064,Phase 3.4
[monitor_data] 1776940193405,110726212,9596688,9596688,42072064,Phase 3.4
[monitor_data] 1776940193773,110726212,9596194,9596194,42072064,Phase 3.4
[monitor_data] 1776940194143,110726212,9596429,9596429,42072064,Phase 3.4
[monitor_data] 1776940194527,110726212,9595999,9595999,42072064,Phase 3.4
[monitor_data] 1776940194907,110726212,9594302,9594302,42072064,Phase 3.4
[monitor_data] 1776940195274,110726212,9596777,9596777,42072064,Phase 3.4
[monitor_data] 1776940195622,110726212,9596864,9596864,42072064,Phase 3.4
[monitor_data] 1776940195997,110726212,9596897,9596897,42072064,Phase 3.4
[monitor_data] 1776940196379,110726212,9596840,9596840,42072064,Phase 3.4
[monitor_data] 1776940196752,110726212,9595174,9595174,42072064,Phase 3.4
[monitor_data] 1776940197133,110726212,9593812,9593812,42072064,Phase 3.4
[monitor_data] 1776940197502,110726212,9591077,9591077,42072064,Phase 3.4
[monitor_data] 1776940197878,110726212,9590485,9590485,42072064,Phase 3.4
[monitor_data] 1776940198245,110726212,9590672,9590672,42072064,Phase 3.4
[monitor_data] 1776940198609,110726212,9588999,9588999,42072064,Phase 3.4
[monitor_data] 1776940198973,110726212,9588794,9588794,42072064,Phase 3.4
[monitor_data] 1776940199333,110726212,9587586,9587586,42072064,Phase 3.4
[monitor_data] 1776940199694,110726212,9587520,9587520,42072064,Phase 3.4
[monitor_data] 1776940200060,110726212,9587520,9587520,42072064,Phase 3.4
[monitor_data] 1776940200431,110726212,9587520,9587520,42072064,Phase 3.4
[monitor_data] 1776940200831,110726212,9587520,9587520,42072064,Phase 3.4
[monitor_data] 1776940201211,110726212,9587520,9587520,42072064,Phase 3.4
[monitor_data] 1776940201582,110726212,9587520,9587520,42072064,Phase 3.4
[monitor_data] 1776940201939,110726212,9587520,9587520,42072064,Phase 3.4
[monitor_data] 1776940202326,110726212,9587520,9587520,42072064,Phase 3.4
[monitor_data] 1776940202705,108623440,7484748,7484748,41695232,Phase 3.4
[monitor_data] 1776940203073,108623952,7395592,7395592,40763392,Phase 3.4
[monitor_data] 1776940203433,108624976,7298878,7298878,39823360,Phase 3.4
[monitor_data] 1776940203782,108625876,7196912,7196912,38809600,Phase 3.4
[monitor_data] 1776940204154,108626648,7093857,7093857,37820416,Phase 3.4
[monitor_data] 1776940204545,108627356,6986383,6986383,36804608,Phase 3.4
[monitor_data] 1776940204934,108627996,6880510,6880510,35821568,Phase 3.4
[monitor_data] 1776940205297,108628512,6779825,6779825,34846720,Phase 3.4
[monitor_data] 1776940205658,108628960,6674529,6674529,33855488,Phase 3.4
[monitor_data] 1776940206037,108629348,6577110,6577110,32950272,Phase 3.4
[monitor_data] 1776940206388,108629668,6475657,6475657,31983616,Phase 3.4
[monitor_data] 1776940206759,108629924,6371642,6371642,30994432,Phase 3.4
[monitor_data] 1776940207141,108630184,6272110,6272110,30058496,Phase 3.4
[monitor_data] 1776940207506,108630376,6175076,6175076,29155328,Phase 3.4
[monitor_data] 1776940207866,108630568,6080412,6080412,28248064,Phase 3.4
[monitor_data] 1776940208227,108630632,5983698,5983698,27310080,Phase 3.4
[monitor_data] 1776940208607,108630760,5886473,5886473,26400768,Phase 3.4
[monitor_data] 1776940208980,108630824,5793859,5793859,25575424,Phase 3.4
[monitor_data] 1776940209349,108630824,5746592,5746592,25538560,Phase 3.5
[monitor_data] 1776940209715,108630824,5746592,5746592,25538560,Phase 3.5
[monitor_data] 1776940210074,108630824,5746592,5746592,25538560,Phase 3.5
[monitor_data] 1776940210439,108630824,5746592,5746592,25538560,Phase 3.5
[monitor_data] 1776940210800,108630824,5746592,5746592,25538560,Phase 3.5
[monitor_data] 1776940211173,108630824,5746592,5746592,25538560,Phase 3.5
[monitor_data] 1776940211549,108630824,5746592,5746592,25538560,Phase 3.5
[monitor_data] 1776940211918,108630824,5746592,5746592,25538560,Phase 3.5
[monitor_data] 1776940212287,108630824,5746592,5746592,25538560,Phase 3.5
[monitor_data] 1776940212680,108630824,5746592,5746592,25538560,Phase 3.5
[monitor_data] 1776940213049,108630824,5746592,5746592,25538560,Phase 3.5
[monitor_data] 1776940213429,108630824,5746592,5746592,25538560,Phase 3.5
[monitor_data] 1776940213802,108630824,5746592,5746592,25538560,Phase 3.5
[monitor_data] 1776940214176,108630824,5746592,5746592,25538560,Phase 3.5
[monitor_data] 1776940214544,108630824,6371193,6371193,25536512,Phase 3.5
[monitor_data] 1776940214919,108634332,6447526,6447526,25536512,Phase 3.5
[monitor_data] 1776940215290,108634332,6449791,6449791,25536512,Phase 3.5
[monitor_data] 1776940215666,108634332,6451401,6451401,25536512,Phase 3.5
[monitor_data] 1776940216035,108634332,6451978,6451978,25536512,Phase 3.5
[monitor_data] 1776940216393,108634332,6453037,6453037,25536512,Phase 3.5
[monitor_data] 1776940216766,108634332,6455378,6455378,25536512,Phase 3.5
[monitor_data] 1776940217139,108634332,6457125,6457125,25536512,Phase 3.5
[monitor_data] 1776940217515,108634332,6457530,6457530,25536512,Phase 3.5
[monitor_data] 1776940217874,108634332,6460201,6460201,25536512,Phase 3.5
[monitor_data] 1776940218243,108634332,6460952,6460952,25536512,Phase 3.5
[monitor_data] 1776940218623,108634332,6463307,6463307,25536512,Phase 3.5
[monitor_data] 1776940218976,108634332,6464257,6464257,25536512,Phase 3.5
[monitor_data] 1776940219341,108634332,6467451,6467451,25536512,Phase 3.5
[monitor_data] 1776940219694,108634332,6468183,6468183,25536512,Phase 3.5
[monitor_data] 1776940220048,108634332,6470625,6470625,25536512,Phase 3.5
[monitor_data] 1776940220417,108634332,6473349,6473349,25536512,Phase 3.5
[monitor_data] 1776940220800,108634332,6474112,6474112,25536512,Phase 3.5
[monitor_data] 1776940221166,108634332,6475572,6475572,25536512,Phase 3.5
[monitor_data] 1776940221551,108634332,6473459,6473459,25536512,Phase 3.5
[monitor_data] 1776940221930,108634332,6475034,6475034,25536512,Phase 3.5
[monitor_data] 1776940222296,108634332,6478652,6478652,25536512,Phase 3.5
[monitor_data] 1776940222698,108634332,6481239,6481239,25536512,Phase 3.5
[monitor_data] 1776940223075,108634332,6483497,6483497,25536512,Phase 3.5
[monitor_data] 1776940223458,108634332,6483598,6483598,25536512,Phase 3.5
[monitor_data] 1776940223834,108634332,6482991,6482991,25536512,Phase 3.5
[monitor_data] 1776940224211,108634332,6479500,6479500,25536512,Phase 3.5
[monitor_data] 1776940224614,108634332,6475136,6475136,25536512,Phase 3.5
[monitor_data] 1776940224988,108634332,6476379,6476379,25536512,Phase 3.5
[monitor_data] 1776940225343,108634332,6473779,6473779,25536512,Phase 3.5
[monitor_data] 1776940225744,108634332,6471642,6471642,25536512,Phase 3.5
[monitor_data] 1776940226123,108634332,6470443,6470443,25536512,Phase 3.5
[monitor_data] 1776940226504,108634332,6468745,6468745,25536512,Phase 3.5
[monitor_data] 1776940226887,108634332,6468909,6468909,25536512,Phase 3.5
[monitor_data] 1776940227248,108634332,6468052,6468052,25536512,Phase 3.5
[monitor_data] 1776940227625,108634332,6467174,6467174,25536512,Phase 3.5
[monitor_data] 1776940228007,108634332,6464922,6464922,25536512,Phase 3.5
[monitor_data] 1776940228379,108634332,6466883,6466883,25536512,Phase 3.5
[monitor_data] 1776940228765,108634332,6464393,6464393,25536512,Phase 3.5
[monitor_data] 1776940229112,108634332,6464527,6464527,25536512,Phase 3.5
[monitor_data] 1776940229473,108634332,6463617,6463617,25536512,Phase 3.5
[monitor_data] 1776940229845,108634332,6461784,6461784,25536512,Phase 3.5
[monitor_data] 1776940230212,108634332,6461456,6461456,25536512,Phase 3.5
[monitor_data] 1776940230604,108634332,6459315,6459315,25536512,Phase 3.5
[monitor_data] 1776940230987,108634332,6459058,6459058,25536512,Phase 3.5
[monitor_data] 1776940231356,108634332,6455744,6455744,25536512,Phase 3.5
[monitor_data] 1776940231714,108634332,6455146,6455146,25536512,Phase 3.5
[monitor_data] 1776940232058,108634332,6455569,6455569,25536512,Phase 3.5
[monitor_data] 1776940232447,108634332,6452029,6452029,25536512,Phase 3.5
[monitor_data] 1776940232800,108634332,6452191,6452191,25536512,Phase 3.5
[monitor_data] 1776940233178,108634332,6449876,6449876,25536512,Phase 3.5
[monitor_data] 1776940233534,108634332,6449869,6449869,25536512,Phase 3.5
[monitor_data] 1776940233899,108634332,6449677,6449677,25536512,Phase 3.5
[monitor_data] 1776940234285,108634332,6451826,6451826,25536512,Phase 3.5
[monitor_data] 1776940234635,108634332,6453967,6453967,25536512,Phase 3.5
[monitor_data] 1776940234991,108634332,6456777,6456777,25536512,Phase 3.5
[monitor_data] 1776940235375,108634332,6458819,6458819,25536512,Phase 3.5
[monitor_data] 1776940235742,108634332,6462654,6462654,25536512,Phase 3.5
[monitor_data] 1776940236112,108634332,6464779,6464779,25536512,Phase 3.5
[monitor_data] 1776940236483,108634332,6466029,6466029,25536512,Phase 3.5
[monitor_data] 1776940236857,108634332,6469503,6469503,25536512,Phase 3.5
[monitor_data] 1776940237225,108634332,6468641,6468641,25536512,Phase 3.5
[monitor_data] 1776940237607,108634332,6467397,6467397,25536512,Phase 3.5
[monitor_data] 1776940237969,108634332,6465516,6465516,25536512,Phase 3.5
[monitor_data] 1776940238335,108634332,6465268,6465268,25536512,Phase 3.5
[monitor_data] 1776940238707,108634332,6465096,6465096,25536512,Phase 3.5
[monitor_data] 1776940239080,108634332,6463047,6463047,25536512,Phase 3.5
[monitor_data] 1776940239453,108634332,6463068,6463068,25536512,Phase 3.5
[monitor_data] 1776940239832,108634332,6463203,6463203,25536512,Phase 3.5
[monitor_data] 1776940240182,108634332,6463219,6463219,25536512,Phase 3.5
[monitor_data] 1776940240543,108634332,6459834,6459834,25536512,Phase 3.5
[monitor_data] 1776940240928,108634332,6461068,6461068,25536512,Phase 3.5
[monitor_data] 1776940241304,108634332,6459736,6459736,25536512,Phase 3.5
[monitor_data] 1776940241669,108634332,6458493,6458493,25536512,Phase 3.5
[monitor_data] 1776940242048,108634332,6457436,6457436,25536512,Phase 3.5
[monitor_data] 1776940242403,108634332,6456146,6456146,25536512,Phase 3.5
[monitor_data] 1776940242778,108634332,6456960,6456960,25536512,Phase 3.5
[monitor_data] 1776940243145,108634332,6458951,6458951,25536512,Phase 3.5
[monitor_data] 1776940243507,108634332,6459136,6459136,25536512,Phase 3.5
[monitor_data] 1776940243886,108634332,6456944,6456944,25536512,Phase 3.5
[monitor_data] 1776940244264,108634332,6456377,6456377,25536512,Phase 3.5
[monitor_data] 1776940244625,108634332,6455599,6455599,25536512,Phase 3.5
[monitor_data] 1776940244990,108634332,6458533,6458533,25536512,Phase 3.5
[monitor_data] 1776940245346,108634332,6459344,6459344,25536512,Phase 3.5
[monitor_data] 1776940245721,108634332,6460801,6460801,25536512,Phase 3.5
[monitor_data] 1776940246087,108634332,6460540,6460540,25536512,Phase 3.5
[monitor_data] 1776940246468,108634332,6460592,6460592,25536512,Phase 3.5
[monitor_data] 1776940246857,108634332,6460136,6460136,25536512,Phase 3.5
[monitor_data] 1776940247226,108634332,6462456,6462456,25536512,Phase 3.5
[monitor_data] 1776940247597,108634332,6460211,6460211,25536512,Phase 3.5
[monitor_data] 1776940247979,108634332,6459562,6459562,25536512,Phase 3.5
[monitor_data] 1776940248346,108634332,6458679,6458679,25536512,Phase 3.5
[monitor_data] 1776940248722,108634332,6456156,6456156,25536512,Phase 3.5
[monitor_data] 1776940249104,108634332,6454474,6454474,25536512,Phase 3.5
[monitor_data] 1776940249471,108634332,6456070,6456070,25536512,Phase 3.5
[monitor_data] 1776940249849,108634332,6456468,6456468,25536512,Phase 3.5
[monitor_data] 1776940250209,108634332,6457590,6457590,25536512,Phase 3.5
[monitor_data] 1776940250625,108634332,6457630,6457630,25536512,Phase 3.5
[monitor_data] 1776940250990,108634332,6454703,6454703,25536512,Phase 3.5
[monitor_data] 1776940251365,108634332,6453577,6453577,25536512,Phase 3.5
[monitor_data] 1776940251727,108634332,6453771,6453771,25536512,Phase 3.5
[monitor_data] 1776940252092,108634332,6453212,6453212,25536512,Phase 3.5
[monitor_data] 1776940252473,108634332,6453037,6453037,25536512,Phase 3.5
[monitor_data] 1776940252874,108634332,6449952,6449952,25536512,Phase 3.5
[monitor_data] 1776940253267,108634332,6449952,6449952,25536512,Phase 3.5
[monitor_data] 1776940253637,108634332,6449952,6449952,25536512,Phase 3.5
[monitor_data] 1776940254013,108634332,6449952,6449952,25536512,Phase 3.5
[monitor_data] 1776940254396,108634332,6449952,6449952,25536512,Phase 3.5
[monitor_data] 1776940254772,108634332,6449952,6449952,25536512,Phase 3.5
[monitor_data] 1776940255168,108634332,4716272,4716272,25184256,Phase 3.5
[monitor_data] 1776940255556,106900652,4631635,4631635,23568384,Phase 3.5
[monitor_data] 1776940255967,106900652,4514131,4514131,22067200,Phase 3.5
[monitor_data] 1776940256348,106900652,4405661,4405661,20500480,Phase 3.5
[monitor_data] 1776940256747,106900784,4290335,4290335,18944000,Phase 3.5
[monitor_data] 1776940257138,106901296,4179430,4179430,14528512,Phase 3.5
[monitor_data] 1776940258269,106901488,3853954,3853954,13142016,Phase 3.5
[monitor_data] 1776940258638,106901744,3757721,3757721,11784192,Phase 3.5
[monitor_data] 1776940259013,106901872,3654889,3654889,10414080,Phase 3.5
[monitor_data] 1776940259422,106902000,3558143,3558143,9177088,Phase 3.5
[monitor_data] 1776940259827,106902064,3502084,3502084,9000960,Phase 4
[monitor_data] 1776940260203,106902064,3502084,3502084,9000960,Phase 4
[monitor_data] 1776940260604,106902064,3502084,3502084,9000960,Phase 4
[monitor_data] 1776940260988,106902064,3502084,3502084,9000960,Phase 4
[monitor_data] 1776940261355,106902064,3502084,3502084,9000960,Phase 4
[monitor_data] 1776940261719,106902064,3502084,3502084,9000960,Phase 4
[monitor_data] 1776940262094,106902064,3502084,3502084,9000960,Phase 4
[monitor_data] 1776940262456,106902064,3502084,3502084,9000960,Phase 4
[monitor_data] 1776940262831,106902064,3502084,3502084,9000960,Phase 4
[monitor_data] 1776940263200,106902064,3502084,3502084,9000960,Phase 4
[monitor_data] 1776940263613,106902064,3502084,3502084,9000960,Phase 4
[monitor_data] 1776940264042,106902064,3502084,3502084,9000960,Phase 4
[monitor_data] 1776940264467,106902064,3502084,3502084,9000960,Phase 4
[monitor_data] 1776940264871,106902064,3502084,3502084,9000960,Phase 4
[monitor_data] 1776940265307,106902064,3502084,3502084,9000960,Phase 4
[monitor_data] 1776940265709,106902064,3502084,3502084,9000960,Phase 4
[monitor_data] 1776940266080,106902064,3502084,3502084,9000960,Phase 4
[monitor_data] 1776940266442,106902064,3502084,3502084,9000960,Phase 4
[monitor_data] 1776940266819,106902064,3502084,3502084,9000960,Phase 4
[monitor_data] 1776940267177,106902064,3502084,3502084,9000960,Phase 4
[monitor_data] 1776940267579,106902064,3502084,3502084,9000960,Phase 4
[monitor_data] 1776940267942,106902064,3502084,3502084,9000960,Phase 4
[monitor_data] 1776940268323,106902064,3502084,3502084,9000960,Phase 4
[monitor_data] 1776940268702,106902064,3502084,3502084,9000960,Phase 4
[monitor_data] 1776940269084,106902064,3502084,3502084,9000960,Phase 4
[monitor_data] 1776940269448,106902064,3502084,3502084,9000960,Phase 4
[monitor_data] 1776940269836,106902064,3502084,3502084,9000960,Phase 4
[monitor_data] 1776940270236,106902064,3502084,3502084,9000960,Phase 4
[monitor_data] 1776940270622,106902064,3502084,3502084,9000960,Phase 4
[monitor_data] 1776940271010,106902064,3502084,3502084,9000960,Phase 4
[monitor_data] 1776940271380,106902064,3502084,3502084,9000960,Phase 4
[monitor_data] 1776940271772,106902064,3502084,3502084,9000960,Phase 4
[monitor_data] 1776940272135,106902064,3502084,3502084,9000960,Phase 4
[monitor_data] 1776940272516,106902064,3502084,3502084,9000960,Phase 4
[monitor_data] 1776940272889,106902064,3502084,3502084,9000960,Phase 4
[monitor_data] 1776940273264,106902064,3502084,3502084,9000960,Phase 4
[monitor_data] 1776940273635,106902064,3502084,3502084,9000960,Phase 4
[monitor_data] 1776940273992,106902064,3502084,3502084,9000960,Phase 4
[monitor_data] 1776940274356,106902064,3502084,3502084,9000960,Phase 4
[monitor_data] 1776940274739,106902064,3502084,3502084,9000960,Phase 4
[monitor_data] 1776940275110,106902064,3502084,3502084,9000960,Phase 4
[monitor_data] 1776940275473,106902064,3502084,3502084,9000960,Phase 4
[monitor_data] 1776940275867,106902064,3502084,3502084,9000960,Phase 4
[monitor_data] 1776940276240,106902064,3502084,3502084,9000960,Phase 4
[monitor_data] 1776940276623,106902064,3502084,3502084,9000960,Phase 4
[monitor_data] 1776940277017,106902064,3502084,3502084,9000960,Phase 4
[monitor_data] 1776940277397,106902064,3502084,3502084,9000960,Phase 4
[monitor_data] 1776940277777,106902064,3502084,3502084,9000960,Phase 4
[monitor_data] 1776940278165,106902064,3502084,3502084,9000960,Phase 4
[monitor_data] 1776940278530,106902064,3502084,3502084,9000960,Phase 4
[monitor_data] 1776940278917,106902064,3502084,3502084,9000960,Phase 4
[monitor_data] 1776940279300,106902064,3502084,3502084,9000960,Phase 4
[monitor_data] 1776940279671,106902064,3502084,3502084,9000960,Phase 4
[monitor_data] 1776940280044,106902064,3502084,3502084,9000960,Phase 4
[monitor_data] 1776940280423,106902064,3502084,3502084,9000960,Phase 4
[monitor_data] 1776940280795,106902064,3502084,3502084,9000960,Phase 4
[monitor_data] 1776940281162,106902064,3502084,3502084,9000960,Phase 4
[monitor_data] 1776940281528,106902064,3502084,3502084,9000960,Phase 4
[monitor_data] 1776940281900,106902064,3502084,3502084,9000960,Phase 4
[monitor_data] 1776940282272,106902064,3502084,3502084,9000960,Phase 4
[monitor_data] 1776940282648,106902064,3502084,3502084,9000960,Phase 4
[monitor_data] 1776940283033,106902064,3502084,3502084,9000960,Phase 4
[monitor_data] 1776940283396,106902064,3502084,3502084,9000960,Phase 4
[monitor_data] 1776940283774,106902064,3502084,3502084,9000960,Phase 4
[monitor_data] 1776940284127,106902064,3502084,3502084,9000960,Phase 4
[monitor_data] 1776940284492,106902064,3502084,3502084,9000960,Phase 4
[monitor_data] 1776940284868,106902064,3502084,3502084,9000960,Phase 4
[monitor_data] 1776940285250,106902064,3502084,3502084,9000960,Phase 4
[monitor_data] 1776940285631,106902064,3502084,3502084,9000960,Phase 4
[monitor_data] 1776940285999,106902064,3502084,3502084,9000960,Phase 4
[monitor_data] 1776940286393,106902064,3502084,3502084,9000960,Phase 4
[monitor_data] 1776940286779,106902064,3502084,3502084,9000960,Phase 4
[monitor_data] 1776940287156,106902064,3502084,3502084,9000960,Phase 4
[monitor_data] 1776940287526,106902064,3502084,3502084,9000960,Phase 4
[monitor_data] 1776940287901,106902064,3502084,3502084,9000960,Phase 4
[monitor_data] 1776940288272,106902064,3502084,3502084,9000960,Phase 4
[monitor_data] 1776940288643,106902064,3502084,3502084,9000960,Phase 4
[monitor_data] 1776940289009,106902064,3502084,3502084,9000960,Phase 4
[monitor_data] 1776940289389,106902064,3502084,3502084,9000960,Phase 4
[monitor_data] 1776940289775,106902064,3502084,3502084,9000960,Phase 4
[monitor_data] 1776940290151,106902064,3502084,3502084,9000960,Phase 4
[monitor_data] 1776940290528,106902064,3502084,3502084,9000960,Phase 4
[monitor_data] 1776940290911,106902064,3502084,3502084,9000960,Phase 4
[monitor_data] 1776940291274,106902064,3502084,3502084,9000960,Phase 4
[monitor_data] 1776940291662,106902064,3502084,3502084,9000960,Phase 4
[monitor_data] 1776940292077,106902064,3502084,3502084,9000960,Phase 4
[monitor_data] 1776940292465,106902064,3502084,3502084,9000960,Phase 4
[monitor_data] 1776940292864,106902064,3502084,3502084,9000960,Phase 4
[monitor_data] 1776940293251,106902064,3502084,3502084,9000960,Phase 4
[monitor_data] 1776940293627,106902064,3502084,3502084,9000960,Phase 4
[monitor_data] 1776940294011,106902064,3502084,3502084,9000960,Phase 4
[monitor_data] 1776940294396,106902064,3502084,3502084,9000960,Phase 4
[monitor_data] 1776940294764,106902064,3502084,3502084,9000960,Phase 4
[monitor_data] 1776940295137,106902064,3502084,3502084,9000960,Phase 4
[monitor_data] 1776940295518,106902064,3502084,3502084,9000960,Phase 4
[monitor_data] 1776940295887,106902064,3502084,3502084,9000960,Phase 4
[monitor_data] 1776940296265,106902064,3502084,3502084,9000960,Phase 4
[monitor_data] 1776940296639,106902064,3502084,3502084,9000960,Phase 4
[monitor_data] 1776940297003,106902064,3502084,3502084,9000960,Phase 4
[monitor_data] 1776940297378,106902064,3502084,3502084,9000960,Phase 4
[monitor_data] 1776940297733,106902064,3502084,3502084,9000960,Phase 4
[monitor_data] 1776940298102,106902064,3502084,3502084,9000960,Phase 4
[monitor_data] 1776940298465,106902064,3502084,3502084,9000960,Phase 4
[monitor_data] 1776940298846,106902064,3502084,3502084,9000960,Phase 4
[monitor_data] 1776940299216,106902064,3502084,3502084,9000960,Phase 4
[monitor_data] 1776940299592,106902064,3502084,3502084,9000960,Phase 4
[monitor_data] 1776940299992,106902064,3502084,3502084,9000960,Phase 4
[monitor_data] 1776940300382,106902064,3502084,3502084,9000960,Phase 4
[monitor_data] 1776940300770,106902064,3502084,3502084,9000960,Phase 4
[monitor_data] 1776940301131,106902064,3502084,3502084,9000960,Phase 4
[monitor_data] 1776940301499,106902064,3502084,3502084,9000960,Phase 4
[monitor_data] 1776940301872,106902064,3502084,3502084,9000960,Phase 4
[monitor_data] 1776940302252,106902064,3502084,3502084,9000960,Phase 4
[monitor_data] 1776940302633,106902064,3502084,3502084,9000960,Phase 4
[monitor_data] 1776940303008,106902064,3502084,3502084,9000960,Phase 4
[monitor_data] 1776940303376,106902064,3502084,3502084,9000960,Phase 4
[monitor_data] 1776940303761,106902064,3502084,3502084,9000960,Phase 4
[monitor_data] 1776940304142,106902064,3502084,3502084,9000960,Phase 4
[monitor_data] 1776940304517,106902064,3502084,3502084,9000960,Phase 4
[monitor_data] 1776940304904,106902064,3502084,3502084,9000960,Phase 4
[monitor_data] 1776940305289,106902064,3502084,3502084,9000960,Phase 4
[monitor_data] 1776940305682,106902064,3502084,3502084,9000960,Phase 4
[monitor_data] 1776940306049,106902064,3502084,3502084,9000960,Phase 4
[monitor_data] 1776940306417,106902064,3502084,3502084,9000960,Phase 4
[monitor_data] 1776940306807,106902064,3502084,3502084,9000960,Phase 4
[monitor_data] 1776940307201,106902064,3502084,3502084,9000960,Phase 4
[monitor_data] 1776940307570,106902064,3502084,3502084,9000960,Phase 4
[monitor_data] 1776940307946,106902064,3502084,3502084,9000960,Phase 4
[monitor_data] 1776940308296,106902064,3502084,3502084,9000960,Phase 4
[monitor_data] 1776940308669,106902064,3502084,3502084,9000960,Phase 4
[monitor_data] 1776940309043,106902064,3502084,3502084,9000960,Phase 4
[monitor_data] 1776940309418,106902064,3502084,3502084,9000960,Phase 4
[monitor_data] 1776940309784,106902064,3502084,3502084,9000960,Phase 4
[monitor_data] 1776940310155,106902064,3502084,3502084,9000960,Phase 4
[monitor_data] 1776940310523,106902064,3502084,3502084,9000960,Phase 4
[monitor_data] 1776940310890,106902064,3502084,3502084,9000960,Phase 4
[monitor_data] 1776940311274,106902064,3502084,3502084,9000960,Phase 4
[monitor_data] 1776940311650,106902064,3502084,3502084,9000960,Phase 4
[monitor_data] 1776940312016,106902064,3502084,3502084,9000960,Phase 4
[monitor_data] 1776940312376,106902064,3502084,3502084,9000960,Phase 4
[monitor_data] 1776940312749,106902064,3502084,3502084,9000960,Phase 4
[monitor_data] 1776940313133,106902064,3502084,3502084,9000960,Phase 4
[monitor_data] 1776940313509,106902064,3502084,3502084,9000960,Phase 4
[monitor_data] 1776940313864,106902064,3502084,3502084,9000960,Phase 4
[monitor_data] 1776940314214,106902064,3502084,3502084,9000960,Phase 4
[monitor_data] 1776940314583,106902064,3502084,3502084,9000960,Phase 4
[monitor_data] 1776940314977,106902064,3502084,3502084,9000960,Phase 4
[monitor_data] 1776940315345,106902064,3502084,3502084,9000960,Phase 4
[monitor_data] 1776940315722,106902064,3502084,3502084,9000960,Phase 4
[monitor_data] 1776940316095,106902064,3502084,3502084,9000960,Phase 4
[monitor_data] 1776940316449,106902064,3502084,3502084,9000960,Phase 4
[monitor_data] 1776940316819,106902064,3502084,3502084,9000960,Phase 4
[monitor_data] 1776940317171,106902064,3502084,3502084,9000960,Phase 4
[monitor_data] 1776940317553,106902064,3502084,3502084,9000960,Phase 4
[monitor_data] 1776940317916,106902064,3502084,3502084,9000960,Phase 4
[monitor_data] 1776940318289,106902064,3502084,3502084,9000960,Phase 4
[monitor_data] 1776940318652,106902064,3502084,3502084,9000960,Phase 4
[monitor_data] 1776940319011,106902064,3502084,3502084,9000960,Phase 4
[monitor_data] 1776940319369,106902064,3502084,3502084,9000960,Phase 4
[monitor_data] 1776940319749,106902064,3502084,3502084,9000960,Phase 4
[monitor_data] 1776940320123,106902064,3502084,3502084,9000960,Phase 4
[monitor_data] 1776940320477,106902064,3502084,3502084,9000960,Phase 4
[monitor_data] 1776940320878,106902064,3502084,3502084,9000960,Phase 4
[monitor_data] 1776940321228,106902064,3502086,3502086,9000960,Phase 4
[monitor_data] 1776940321600,106902064,3502086,3502086,9000960,Phase 4
[monitor_data] 1776940321950,106902064,3502086,3502086,9000960,Phase 4
[monitor_data] 1776940322312,106902064,3502086,3502086,9000960,Phase 4
[monitor_data] 1776940322676,106902064,3502086,3502086,9000960,Phase 4
[monitor_data] 1776940323046,106902064,3502086,3502086,0,Phase 4
[monitor_data] 1776940323398,,0,0,0,Phase 4
[monitor_data] 1776940323774,,0,0,0,Phase 4
[monitor_data] 1776940324116,,0,0,0,Phase 4
[monitor_data] 1776940324497,,0,0,0,Phase 4
[monitor_data] 1776940324840,,0,0,0,Phase 4
[monitor_data] 1776940325213,,0,0,0,Phase 4
[monitor_data] 1776940325586,,0,0,0,Phase 4
[monitor_data] 1776940325934,,0,0,0,Phase 4
[monitor_data] 1776940326269,,0,0,0,Phase 4
[monitor_data] 1776940326626,,0,0,0,Phase 4
[monitor_data] 1776940326975,,0,0,0,Phase 4
[monitor_data] 1776940327322,,0,0,0,Phase 4
[monitor_data] 1776940327689,,0,0,0,Phase 4
[monitor_data] 1776940328034,,0,0,0,Phase 4
[monitor_data] 1776940328367,,0,0,0,Phase 4
[monitor_data] 1776940328712,,0,0,0,Phase 4
[monitor_data] 1776940329071,,0,0,0,Phase 4
[monitor_data] 1776940329422,,0,0,0,Phase 4
[monitor_data] 1776940329789,,0,0,0,Phase 4
[monitor_data] 1776940330128,,0,0,0,Phase 4
[monitor_data] 1776940330474,,0,0,0,Phase 4
[monitor_data] 1776940330834,,0,0,0,Phase 4
[monitor_data] 1776940331191,,0,0,0,Phase 4
[monitor_data] 1776940331537,,0,0,0,Phase 4
[monitor_data] 1776940331897,,0,0,0,Phase 4
[monitor_data] 1776940332232,,0,0,0,Phase 4
[monitor_data] 1776940332591,,0,0,0,Phase 4
[monitor_data] 1776940332951,,0,0,0,Phase 4
[monitor_data] 1776940333323,,0,0,0,Phase 4
[monitor_data] 1776940333687,,0,0,0,Phase 4
[monitor_data] 1776940334044,,0,0,0,Phase 4
[monitor_data] 1776940334393,,0,0,0,Phase 4
[monitor_data] 1776940334749,,0,0,0,Phase 4
[monitor_data] 1776940335094,,0,0,0,Phase 4
[monitor_data] 1776940335439,,0,0,0,Phase 4
[monitor_data] 1776940335795,,0,0,0,Phase 4
[monitor_data] 1776940336161,,0,0,0,Phase 4
[monitor_data] 1776940336529,,0,0,0,Phase 4
[monitor_data] 1776940336889,,0,0,0,Phase 4
[monitor_data] 1776940337242,,0,0,0,Phase 4
[monitor_data] 1776940337607,,0,0,0,Phase 4
[monitor_data] 1776940337959,,0,0,0,Phase 4
[monitor_data] 1776940338305,,0,0,0,Phase 4
[monitor_data] 1776940338659,,0,0,0,Phase 4
[monitor_data] 1776940339031,,0,0,0,Phase 4
[monitor_data] 1776940339380,,0,0,0,Phase 4
[monitor_data] 1776940339729,,0,0,0,Phase 4
[monitor_data] 1776940340087,,0,0,0,Phase 4
[monitor_data] 1776940340448,,0,0,0,Phase 4
[monitor_data] 1776940340817,,0,0,0,Phase 4
[monitor_data] 1776940341153,,0,0,0,Phase 4
[monitor_data] 1776940341490,,0,0,0,Phase 4
[monitor_data] 1776940341854,,0,0,0,Phase 4
[monitor_data] 1776940342219,,0,0,0,Phase 4
[monitor_data] 1776940342571,,0,0,0,Phase 4
[monitor_data] 1776940342956,,0,0,0,Phase 4
[monitor_data] 1776940343323,,0,0,0,Phase 4
[monitor_data] 1776940343674,,0,0,0,Phase 4
[monitor_data] 1776940344020,,0,0,0,Phase 4
[monitor_end] Process 474224 terminated
